1 0.18226 0.181475 0.182247
2 0.268055 0.275675 0.267967
3 0.33904 0.3406 0.339006
4 0.39691 0.372725 0.397128
5 0.44174 0.426275 0.441878
6 0.474335 0.4694 0.474381
7 0.4958 0.4937 0.495815
8 0.511405 0.505125 0.511471
9 0.526035 0.52335 0.526075
10 0.54101 0.536675 0.541062
11 0.556865 0.558625 0.55686
12 0.571465 0.575475 0.571437
13 0.584825 0.6102 0.584592
14 0.59593 0.611175 0.595787
15 0.604815 0.635025 0.604522
16 0.61218 0.63565 0.611955
17 0.618645 0.641225 0.618435
18 0.624995 0.637275 0.624885
19 0.631175 0.6536 0.630965
20 0.63496 0.663875 0.634682
21 0.63801 0.6806 0.637598
22 0.641065 0.679725 0.640685
23 0.643245 0.674625 0.642937
24 0.646685 0.6783 0.646374
25 0.649005 0.683425 0.648664
26 0.651745 0.69605 0.651303
27 0.65385 0.70705 0.653325
28 0.65594 0.7157 0.655353
29 0.65748 0.723 0.656843
30 0.65702 0.721175 0.656391
31 0.656125 0.728675 0.655415
32 0.656775 0.7218 0.656134
33 0.657235 0.72295 0.656594
34 0.65863 0.718375 0.658041
35 0.659825 0.711075 0.659317
36 0.660955 0.710275 0.660465
37 0.66143 0.70985 0.660944
38 0.663185 0.7027 0.662793
39 0.66333 0.704225 0.662923
40 0.66335 0.718775 0.662801
41 0.663075 0.708625 0.662628
42 0.663175 0.710975 0.662711
43 0.66323 0.7211 0.662659
44 0.66397 0.7267 0.663351
45 0.664095 0.7089 0.663655
46 0.66467 0.71785 0.664139
47 0.66357 0.71775 0.663019
48 0.663425 0.71955 0.662849
49 0.66422 0.714175 0.663712
50 0.66486 0.7162 0.66435
51 0.665315 0.72745 0.664705
52 0.665505 0.721025 0.664959
53 0.665725 0.7134 0.665255
54 0.664705 0.7163 0.664197
55 0.663255 0.715875 0.662738
56 0.662385 0.703475 0.661979
57 0.66237 0.706325 0.66193
58 0.6617 0.710125 0.661226
59 0.66105 0.71425 0.660524
60 0.66115 0.70865 0.660676
61 0.662605 0.701075 0.662231
62 0.662685 0.70205 0.662292
63 0.66347 0.7043 0.66306
64 0.66351 0.70345 0.663109
65 0.66417 0.7099 0.663724
66 0.66391 0.71305 0.663432
67 0.66289 0.713875 0.662398
68 0.66271 0.71775 0.662173
69 0.663455 0.7245 0.662861
70 0.663525 0.72645 0.662904
71 0.66237 0.733325 0.661671
72 0.660635 0.7261 0.65999
73 0.661285 0.73045 0.660607
74 0.661755 0.731725 0.661071
75 0.663755 0.731075 0.663098
76 0.664175 0.733175 0.663498
77 0.663235 0.71915 0.662682
78 0.662675 0.722325 0.662085
79 0.66203 0.725275 0.66141
80 0.66087 0.732575 0.66016
81 0.66122 0.724725 0.660589
82 0.660875 0.71265 0.660356
83 0.66083 0.72875 0.660153
84 0.66133 0.72275 0.660726
85 0.66317 0.712925 0.662679
86 0.662845 0.70465 0.662427
87 0.662885 0.720475 0.66231
88 0.663815 0.713875 0.663313
89 0.664715 0.71885 0.664169
90 0.66406 0.71825 0.663516
91 0.664 0.727 0.663373
92 0.663255 0.7327 0.662566
93 0.66385 0.737975 0.663118
94 0.66205 0.737475 0.66131
95 0.661545 0.7291 0.660876
96 0.660775 0.71955 0.660193
97 0.66133 0.718575 0.660764
98 0.661495 0.7051 0.661061
99 0.662245 0.7052 0.661824
100 0.66268 0.7179 0.662141
101 0.662435 0.716025 0.661921
102 0.662105 0.7134 0.661608
103 0.66382 0.69705 0.6635
104 0.664525 0.695725 0.664221
105 0.666045 0.70695 0.665649
106 0.66742 0.712975 0.666977
107 0.66741 0.7241 0.666862
108 0.66735 0.7273 0.666765
109 0.667175 0.718625 0.666675
110 0.66713 0.719325 0.66662
111 0.665555 0.70785 0.665137
112 0.665045 0.7093 0.664605
113 0.664615 0.704275 0.664219
114 0.66342 0.69945 0.663063
115 0.66352 0.69925 0.663161
116 0.663075 0.70615 0.662641
117 0.663085 0.713225 0.662579
118 0.66347 0.717625 0.662929
119 0.663965 0.71475 0.663462
120 0.66481 0.71525 0.664313
121 0.664755 0.71395 0.664267
122 0.664935 0.718275 0.664403
123 0.663735 0.7301 0.663073
124 0.66307 0.730025 0.662398
125 0.66385 0.723575 0.663248
126 0.664795 0.72995 0.664139
127 0.66427 0.728625 0.663625
128 0.66371 0.719475 0.663161
129 0.664395 0.723575 0.663815
130 0.664345 0.715225 0.66385
131 0.665385 0.713375 0.664913
132 0.666625 0.701875 0.666282
133 0.666125 0.696525 0.665835
134 0.665985 0.705325 0.6656
135 0.66593 0.7036 0.665571
136 0.66549 0.71155 0.665044
137 0.66525 0.715675 0.664764
138 0.66494 0.71765 0.664443
139 0.665515 0.7152 0.66504
140 0.663965 0.716575 0.663456
141 0.66273 0.717325 0.662206
142 0.66116 0.7209 0.660586
143 0.66009 0.716875 0.65954
144 0.66075 0.719975 0.66017
145 0.66107 0.732525 0.660358
146 0.66204 0.73435 0.661323
147 0.66212 0.743075 0.661319
148 0.66318 0.730725 0.662505
149 0.66357 0.719025 0.663026
150 0.663805 0.717625 0.663276
151 0.663585 0.702225 0.6632
152 0.663345 0.707575 0.662905
153 0.66252 0.717625 0.661972
154 0.662555 0.716875 0.662016
155 0.663035 0.709925 0.662565
156 0.662085 0.7022 0.661682
157 0.662775 0.705675 0.662342
158 0.663175 0.70515 0.662755
159 0.6644 0.703375 0.664005
160 0.66422 0.69535 0.6639
161 0.663405 0.703325 0.662998
162 0.662935 0.69925 0.662565
163 0.66361 0.706875 0.663181
164 0.66425 0.712525 0.663767
165 0.665575 0.708525 0.665141
166 0.666685 0.7183 0.666164
167 0.665975 0.728275 0.665352
168 0.666925 0.730675 0.666286
169 0.667865 0.723275 0.667306
170 0.666375 0.715375 0.665888
171 0.665685 0.7067 0.665277
172 0.666455 0.72045 0.665928
173 0.665965 0.715025 0.665485
174 0.66614 0.71605 0.665659
175 0.665775 0.717225 0.665269
176 0.66487 0.7353 0.664178
177 0.662995 0.725075 0.662384
178 0.66335 0.706175 0.662927
179 0.66366 0.70385 0.663259
180 0.663485 0.709575 0.66303
181 0.663285 0.706275 0.662861
182 0.662485 0.711275 0.662002
183 0.66257 0.712425 0.662081
184 0.662425 0.7001 0.662052
185 0.662875 0.702525 0.662476
186 0.663615 0.703175 0.66322
187 0.66264 0.703625 0.662241
188 0.663865 0.708175 0.663432
189 0.664185 0.70345 0.663797
190 0.66401 0.720725 0.663443
191 0.66574 0.718125 0.665212
192 0.66599 0.727675 0.665373
193 0.666635 0.7214 0.666092
194 0.666295 0.723175 0.665736
195 0.66657 0.718 0.666068
196 0.66651 0.71735 0.666014
197 0.66564 0.7193 0.665122
198 0.66504 0.7227 0.664477
199 0.663995 0.7145 0.663498
200 0.663615 0.712825 0.66313
