1 0.183075 0.172275 0.183156
2 0.268262 0.246525 0.268441
3 0.340624 0.337017 0.340631
4 0.399232 0.388742 0.399326
5 0.44329 0.434417 0.443367
6 0.475873 0.469694 0.475929
7 0.500793 0.496596 0.500822
8 0.519146 0.516023 0.519158
9 0.534456 0.535 0.534428
10 0.549445 0.545108 0.549473
11 0.564709 0.568517 0.564658
12 0.580195 0.592694 0.580063
13 0.595597 0.600196 0.595541
14 0.609415 0.624923 0.609266
15 0.621182 0.63695 0.621026
16 0.631423 0.641527 0.631316
17 0.639164 0.645738 0.639098
18 0.646756 0.644023 0.646776
19 0.65252 0.655908 0.652472
20 0.656615 0.666969 0.656488
21 0.659927 0.663429 0.659856
22 0.663233 0.661415 0.663218
23 0.667083 0.654058 0.667188
24 0.670561 0.662735 0.670605
25 0.673696 0.668487 0.673708
26 0.675918 0.675881 0.675899
27 0.677858 0.677125 0.677856
28 0.678253 0.671925 0.678316
29 0.678357 0.665525 0.678486
30 0.679668 0.67735 0.679688
31 0.678444 0.670275 0.678521
32 0.676663 0.67605 0.67667
33 0.674657 0.666244 0.674742
34 0.673023 0.651163 0.673233
35 0.672036 0.667956 0.672072
36 0.670774 0.6737 0.670736
37 0.670821 0.675652 0.670779
38 0.671601 0.678346 0.671546
39 0.672611 0.68709 0.672477
40 0.673811 0.696283 0.673595
41 0.675681 0.686377 0.675583
42 0.676504 0.684338 0.676433
43 0.677599 0.700781 0.677373
44 0.676743 0.6927 0.67659
45 0.67662 0.696769 0.67642
46 0.676939 0.696863 0.676741
47 0.67734 0.701981 0.677105
48 0.678375 0.69375 0.678226
49 0.67893 0.684019 0.678883
50 0.679203 0.683788 0.679155
51 0.678861 0.690725 0.678736
52 0.67899 0.687052 0.678906
53 0.68061 0.682121 0.680605
54 0.681336 0.68104 0.681348
55 0.680135 0.686583 0.680074
56 0.678641 0.685619 0.678567
57 0.678617 0.674629 0.678652
58 0.67842 0.680923 0.678406
59 0.67892 0.684 0.678881
60 0.677303 0.685194 0.677232
61 0.676119 0.684713 0.676037
62 0.675306 0.668506 0.675368
63 0.676311 0.662042 0.67646
64 0.67671 0.667685 0.676804
65 0.67794 0.6912 0.677824
66 0.678474 0.680519 0.67846
67 0.678999 0.676863 0.679014
68 0.678764 0.676581 0.678777
69 0.67877 0.679075 0.678752
70 0.677932 0.677644 0.677916
71 0.677805 0.677787 0.677794
72 0.67708 0.668781 0.677145
73 0.6773 0.666467 0.677396
74 0.67736 0.67731 0.677346
75 0.677529 0.659404 0.677697
76 0.67834 0.666142 0.678446
77 0.678817 0.666635 0.678924
78 0.67887 0.672383 0.678954
79 0.678452 0.680202 0.678454
80 0.678739 0.684112 0.678705
81 0.677013 0.681381 0.676988
82 0.677051 0.685917 0.676979
83 0.676833 0.69101 0.676703
84 0.677714 0.690867 0.67759
85 0.677731 0.694702 0.677573
86 0.67691 0.697046 0.676713
87 0.677303 0.68349 0.677243
88 0.677999 0.671833 0.678058
89 0.678936 0.663702 0.679089
90 0.680276 0.669046 0.680392
91 0.68125 0.67044 0.681366
92 0.682191 0.677733 0.682255
93 0.682766 0.684377 0.682767
94 0.68198 0.683846 0.681982
95 0.680836 0.679465 0.680873
96 0.680405 0.684408 0.680385
97 0.68002 0.692877 0.679899
98 0.679639 0.701321 0.679423
99 0.678723 0.694748 0.678569
100 0.67695 0.685617 0.676866
101 0.675529 0.6709 0.675578
102 0.675259 0.668575 0.675324
103 0.676271 0.679944 0.67624
104 0.677709 0.678508 0.677697
105 0.679404 0.681569 0.679378
106 0.680821 0.685662 0.680765
107 0.681111 0.697281 0.680944
108 0.681424 0.700125 0.681231
109 0.681835 0.695575 0.681685
110 0.682205 0.687069 0.682168
111 0.683981 0.683487 0.683996
112 0.684844 0.691715 0.684778
113 0.68548 0.696283 0.685364
114 0.685015 0.692952 0.684926
115 0.684089 0.696979 0.68395
116 0.683368 0.685573 0.683343
117 0.683602 0.694967 0.683487
118 0.682289 0.677935 0.682324
119 0.681315 0.688704 0.681247
120 0.681189 0.672231 0.681278
121 0.680711 0.680558 0.680713
122 0.681356 0.682602 0.681343
123 0.680741 0.666654 0.680874
124 0.681432 0.668706 0.681551
125 0.682242 0.678625 0.682273
126 0.683416 0.678908 0.683466
127 0.68397 0.680158 0.684015
128 0.683764 0.689727 0.683702
129 0.683546 0.691296 0.683462
130 0.682854 0.68939 0.682779
131 0.68235 0.696933 0.682194
132 0.682871 0.694269 0.682749
133 0.681798 0.704038 0.681575
134 0.681559 0.70429 0.681337
135 0.680256 0.699175 0.680079
136 0.677543 0.68081 0.67752
137 0.675758 0.669679 0.675821
138 0.675496 0.676248 0.675492
139 0.674331 0.671883 0.674366
140 0.673414 0.669102 0.67347
141 0.672464 0.66465 0.67256
142 0.670905 0.658094 0.671047
143 0.671624 0.659596 0.671753
144 0.672121 0.654673 0.672303
145 0.67347 0.659408 0.673621
146 0.673075 0.666052 0.673147
147 0.67267 0.655171 0.672839
148 0.673274 0.665915 0.673336
149 0.674594 0.673592 0.6746
150 0.676699 0.673285 0.676723
151 0.676929 0.678304 0.676903
152 0.677243 0.679248 0.677209
153 0.678068 0.686817 0.677982
154 0.677194 0.68486 0.677128
155 0.677418 0.686229 0.677339
156 0.677771 0.68719 0.677688
157 0.678104 0.690425 0.677991
158 0.676445 0.678744 0.676426
159 0.675964 0.684037 0.675876
160 0.67581 0.678623 0.675777
161 0.675962 0.683567 0.675889
162 0.676719 0.67821 0.676711
163 0.678594 0.675454 0.678624
164 0.680014 0.679873 0.680002
165 0.681234 0.674258 0.681296
166 0.681865 0.682175 0.68187
167 0.681047 0.688927 0.680982
168 0.681279 0.698929 0.68112
169 0.681051 0.700681 0.680883
170 0.681281 0.703975 0.681078
171 0.680951 0.699269 0.680784
172 0.681099 0.697446 0.680952
173 0.680795 0.70514 0.680566
174 0.680736 0.709258 0.68046
175 0.681351 0.709102 0.681072
176 0.682087 0.696033 0.681941
177 0.682244 0.69036 0.682159
178 0.681848 0.678329 0.68187
179 0.681744 0.673473 0.681823
180 0.682364 0.679042 0.682392
181 0.681933 0.678444 0.681961
182 0.680799 0.661963 0.680976
183 0.680424 0.65639 0.680661
184 0.680179 0.6655 0.680328
185 0.679965 0.674258 0.680038
186 0.681066 0.679277 0.681086
187 0.681657 0.681054 0.681676
188 0.682511 0.686898 0.682484
189 0.683458 0.687792 0.683426
190 0.683791 0.693085 0.683701
191 0.683169 0.685121 0.683149
192 0.683814 0.699415 0.683658
193 0.682938 0.703333 0.682736
194 0.681425 0.702827 0.681203
195 0.680384 0.697954 0.680197
196 0.67984 0.698323 0.679649
197 0.679258 0.694992 0.679093
198 0.679103 0.70256 0.678866
199 0.679047 0.699179 0.678854
200 0.678833 0.680473 0.67882
