1 0.179265 0.184925 0.179191
2 0.26449 0.250625 0.264605
3 0.336235 0.353225 0.336059
4 0.395135 0.387875 0.3952
5 0.440015 0.442475 0.439986
6 0.473835 0.4719 0.47385
7 0.49489 0.49515 0.494886
8 0.50947 0.51425 0.509422
9 0.523395 0.539275 0.523233
10 0.537075 0.55145 0.53692
11 0.551855 0.580575 0.551576
12 0.566445 0.5969 0.566146
13 0.581195 0.6128 0.580885
14 0.594055 0.63355 0.593661
15 0.604345 0.65285 0.603867
16 0.61292 0.66565 0.612409
17 0.62003 0.675475 0.619482
18 0.626415 0.682825 0.625856
19 0.631185 0.6697 0.630801
20 0.63595 0.65655 0.635743
21 0.63893 0.663575 0.638687
22 0.642295 0.67165 0.642002
23 0.64661 0.68715 0.646201
24 0.649075 0.695325 0.648608
25 0.65064 0.7024 0.650118
26 0.651635 0.69965 0.651154
27 0.65337 0.723175 0.652671
28 0.655145 0.7114 0.654576
29 0.65619 0.71215 0.655625
30 0.65684 0.719575 0.656208
31 0.65883 0.7227 0.658189
32 0.659125 0.71605 0.658546
33 0.658655 0.726525 0.657971
34 0.658415 0.7214 0.65778
35 0.65888 0.7384 0.65809
36 0.65788 0.7297 0.657166
37 0.65735 0.72615 0.656664
38 0.65618 0.7205 0.655546
39 0.65673 0.70805 0.656225
40 0.65785 0.711825 0.657316
41 0.659355 0.705975 0.65889
42 0.660915 0.721275 0.660313
43 0.66199 0.72095 0.661406
44 0.661155 0.71885 0.660584
45 0.66204 0.719025 0.661472
46 0.663525 0.7112 0.663045
47 0.664955 0.71415 0.664468
48 0.664145 0.7172 0.663617
49 0.66326 0.710425 0.66279
50 0.66409 0.71325 0.6636
51 0.663795 0.718175 0.663257
52 0.66349 0.711825 0.663011
53 0.664095 0.7151 0.663594
54 0.66417 0.713925 0.663676
55 0.6633 0.707075 0.662867
56 0.66306 0.7163 0.662535
57 0.66234 0.713975 0.661829
58 0.66244 0.7091 0.661977
59 0.66211 0.731825 0.661419
60 0.66331 0.729725 0.66265
61 0.664825 0.717225 0.664299
62 0.664955 0.7092 0.664513
63 0.663845 0.71465 0.663345
64 0.664355 0.7233 0.663771
65 0.665005 0.721 0.664459
66 0.666525 0.7242 0.665964
67 0.66626 0.72535 0.665685
68 0.66562 0.725175 0.665037
69 0.6643 0.715 0.663802
70 0.66333 0.714425 0.662825
71 0.66253 0.70955 0.662064
72 0.661195 0.713675 0.660673
73 0.658895 0.721625 0.658268
74 0.658595 0.719425 0.657989
75 0.65883 0.721325 0.658209
76 0.658705 0.71805 0.658113
77 0.657565 0.716625 0.656974
78 0.656915 0.7107 0.656369
79 0.6567 0.711025 0.656157
80 0.657325 0.704125 0.656865
81 0.65784 0.702525 0.657403
82 0.65948 0.71855 0.658911
83 0.66077 0.717025 0.660223
84 0.66062 0.71345 0.660111
85 0.661515 0.720075 0.660943
86 0.661885 0.7314 0.661203
87 0.661985 0.71725 0.661441
88 0.66426 0.718425 0.66373
89 0.665295 0.726575 0.664689
90 0.66492 0.72135 0.664361
91 0.663185 0.71485 0.662664
92 0.664235 0.709725 0.663776
93 0.66466 0.708175 0.664217
94 0.66594 0.708125 0.665515
95 0.66672 0.7084 0.666302
96 0.666045 0.708425 0.665614
97 0.665785 0.7114 0.665329
98 0.665835 0.716675 0.665319
99 0.665375 0.716175 0.664862
100 0.66474 0.710525 0.664276
101 0.665275 0.709525 0.664831
102 0.665065 0.709875 0.664617
103 0.66376 0.707775 0.663321
104 0.662745 0.705125 0.662325
105 0.660825 0.712025 0.660322
106 0.6611 0.7287 0.660435
107 0.661235 0.720575 0.660652
108 0.661295 0.73205 0.660607
109 0.662565 0.7311 0.661898
110 0.66333 0.72175 0.662759
111 0.663265 0.7126 0.662777
112 0.66299 0.704125 0.662579
113 0.66292 0.71525 0.662401
114 0.66281 0.72645 0.662183
115 0.66293 0.7241 0.662329
116 0.661955 0.7161 0.661422
117 0.66308 0.70805 0.662634
118 0.66514 0.718825 0.664605
119 0.66614 0.71985 0.66561
120 0.667425 0.7256 0.666853
121 0.668075 0.721225 0.667547
122 0.668535 0.720925 0.668013
123 0.667545 0.7148 0.667068
124 0.66573 0.70365 0.665345
125 0.66497 0.701675 0.664598
126 0.66427 0.7016 0.663886
127 0.66363 0.6949 0.663314
128 0.66256 0.6944 0.662243
129 0.662605 0.6968 0.662258
130 0.66311 0.70095 0.662727
131 0.66298 0.694875 0.662662
132 0.664135 0.689275 0.663877
133 0.664115 0.69705 0.663782
134 0.664455 0.693475 0.664161
135 0.66456 0.70015 0.664209
136 0.66388 0.700325 0.66353
137 0.66185 0.699875 0.661477
138 0.66115 0.71615 0.66062
139 0.65973 0.712225 0.659223
140 0.659735 0.716125 0.659184
141 0.659275 0.728225 0.658594
142 0.659355 0.7165 0.65879
143 0.66015 0.719275 0.659563
144 0.65952 0.72525 0.658859
145 0.6585 0.71705 0.657915
146 0.659635 0.7338 0.658902
147 0.66182 0.72685 0.661171
148 0.662705 0.72115 0.662119
149 0.66387 0.723125 0.663273
150 0.663415 0.716975 0.662871
151 0.663105 0.710275 0.662621
152 0.663685 0.710375 0.663204
153 0.66403 0.714125 0.663527
154 0.664845 0.723425 0.664251
155 0.665715 0.72255 0.665134
156 0.666465 0.71585 0.665964
157 0.666195 0.7221 0.665636
158 0.66602 0.7206 0.665479
159 0.665765 0.730625 0.665125
160 0.66605 0.72495 0.665467
161 0.666555 0.714975 0.666075
162 0.66731 0.707525 0.666904
163 0.66632 0.6976 0.665998
164 0.665495 0.705875 0.665094
165 0.665545 0.70965 0.665107
166 0.665165 0.696975 0.664852
167 0.66611 0.69835 0.66579
168 0.666775 0.692275 0.666516
169 0.666185 0.702875 0.665811
170 0.665275 0.7031 0.664886
171 0.663595 0.70955 0.663125
172 0.662095 0.70855 0.661624
173 0.663075 0.71065 0.662593
174 0.6634 0.714775 0.662886
175 0.662985 0.717225 0.662455
176 0.66255 0.717225 0.662017
177 0.663775 0.713975 0.663284
178 0.66343 0.7143 0.662933
179 0.66251 0.720075 0.661952
180 0.66144 0.71695 0.660895
181 0.66336 0.72695 0.662731
182 0.66365 0.722675 0.663068
183 0.66344 0.725375 0.662829
184 0.662675 0.724725 0.662057
185 0.66294 0.709725 0.662471
186 0.661665 0.72375 0.661046
187 0.66007 0.727475 0.659401
188 0.66133 0.718725 0.660754
189 0.6609 0.7122 0.660386
190 0.660675 0.70925 0.660183
191 0.65988 0.7094 0.659378
192 0.66092 0.71985 0.660319
193 0.661965 0.712 0.661458
194 0.662685 0.70385 0.66226
195 0.663455 0.709975 0.662988
196 0.665285 0.715625 0.66478
197 0.665205 0.712025 0.664739
198 0.66689 0.71335 0.666431
199 0.66629 0.712525 0.66583
200 0.667115 0.713075 0.666653
