1 0.181727 0.193569 0.181609
2 0.268889 0.271487 0.268847
3 0.341859 0.351731 0.341741
4 0.399701 0.41575 0.399526
5 0.44487 0.454996 0.444753
6 0.47807 0.488713 0.477954
7 0.500061 0.515744 0.499913
8 0.516036 0.5232 0.51597
9 0.531209 0.521827 0.531303
10 0.546645 0.5409 0.54671
11 0.561479 0.55734 0.561531
12 0.576839 0.570154 0.576914
13 0.590041 0.581519 0.590139
14 0.600421 0.60071 0.600433
15 0.610005 0.616394 0.609953
16 0.619183 0.63034 0.619084
17 0.626628 0.64961 0.626423
18 0.631737 0.643698 0.63163
19 0.636645 0.657644 0.63644
20 0.638353 0.667527 0.638064
21 0.6405 0.667135 0.640242
22 0.645442 0.677119 0.64513
23 0.650289 0.676777 0.650027
24 0.654846 0.693904 0.654456
25 0.659734 0.706575 0.659262
26 0.661961 0.708546 0.661499
27 0.662269 0.705121 0.661842
28 0.662395 0.702317 0.661992
29 0.661649 0.703025 0.661244
30 0.661404 0.697558 0.661043
31 0.660624 0.692167 0.6603
32 0.660116 0.71214 0.659591
33 0.660147 0.716979 0.659587
34 0.659785 0.71555 0.659236
35 0.659294 0.724583 0.658643
36 0.658948 0.731483 0.658232
37 0.658107 0.730842 0.657397
38 0.658539 0.717975 0.657949
39 0.659121 0.711788 0.658604
40 0.659608 0.713708 0.65908
41 0.661951 0.733483 0.661256
42 0.662471 0.716417 0.661947
43 0.664136 0.723942 0.663563
44 0.665126 0.723325 0.664566
45 0.664971 0.730946 0.664322
46 0.664835 0.719754 0.66429
47 0.664853 0.714233 0.664367
48 0.665631 0.710042 0.665193
49 0.665985 0.722823 0.665432
50 0.666194 0.733169 0.665538
51 0.666891 0.728756 0.666285
52 0.666514 0.716346 0.666021
53 0.66727 0.710004 0.666842
54 0.668654 0.703413 0.668309
55 0.668156 0.707677 0.66777
56 0.668959 0.711302 0.66855
57 0.66867 0.719685 0.66817
58 0.668022 0.717094 0.667552
59 0.668308 0.731344 0.667698
60 0.668492 0.724977 0.667938
61 0.668425 0.72986 0.667819
62 0.668686 0.721362 0.668174
63 0.668941 0.726162 0.668377
64 0.668849 0.720171 0.668337
65 0.667591 0.723869 0.667046
66 0.666729 0.717777 0.66623
67 0.666196 0.71416 0.665724
68 0.666373 0.716119 0.665878
69 0.66639 0.721315 0.665857
70 0.66678 0.72049 0.666254
71 0.666494 0.716423 0.665994
72 0.66761 0.705431 0.667222
73 0.667901 0.709358 0.667482
74 0.668288 0.714165 0.667829
75 0.668229 0.719835 0.66772
76 0.667589 0.719217 0.667083
77 0.666777 0.725042 0.666201
78 0.665829 0.721167 0.665281
79 0.666194 0.724 0.665616
80 0.666479 0.7202 0.665947
81 0.66663 0.708558 0.666215
82 0.666166 0.704967 0.665783
83 0.664536 0.702988 0.664154
84 0.663471 0.704721 0.663051
85 0.664689 0.712817 0.664205
86 0.666054 0.711625 0.665585
87 0.666268 0.726483 0.66565
88 0.667576 0.727033 0.666971
89 0.668156 0.719704 0.667645
90 0.667164 0.715037 0.66668
91 0.665529 0.713783 0.665048
92 0.665921 0.700673 0.665564
93 0.66588 0.692956 0.665592
94 0.665576 0.694615 0.665268
95 0.665321 0.704798 0.664911
96 0.664989 0.711292 0.66452
97 0.6647 0.70025 0.664344
98 0.66308 0.706625 0.662646
99 0.663413 0.700069 0.663045
100 0.66319 0.713494 0.662695
101 0.663009 0.718365 0.662481
102 0.66289 0.716373 0.662378
103 0.662634 0.701683 0.662268
104 0.664286 0.702292 0.663925
105 0.665587 0.714883 0.665122
106 0.667444 0.71265 0.667019
107 0.669045 0.725083 0.6685
108 0.669091 0.713883 0.668654
109 0.669146 0.705067 0.668799
110 0.669291 0.702287 0.668963
111 0.670148 0.714521 0.669709
112 0.669449 0.722696 0.668929
113 0.670359 0.724454 0.669825
114 0.670935 0.720092 0.67045
115 0.670596 0.73415 0.669973
116 0.670946 0.730083 0.670361
117 0.671285 0.728092 0.670725
118 0.66982 0.7147 0.669371
119 0.669386 0.72549 0.668843
120 0.669403 0.743806 0.668679
121 0.669602 0.75251 0.668807
122 0.668484 0.757265 0.667637
123 0.668975 0.73369 0.66836
124 0.67093 0.716898 0.670498
125 0.6709 0.706569 0.670558
126 0.670991 0.709083 0.67063
127 0.672234 0.70465 0.671923
128 0.671618 0.706646 0.671276
129 0.672293 0.70995 0.671928
130 0.671905 0.707767 0.671557
131 0.670808 0.7069 0.670466
132 0.671261 0.712583 0.670866
133 0.671876 0.726652 0.671354
134 0.672779 0.731973 0.672206
135 0.673409 0.721019 0.672946
136 0.674355 0.718571 0.673923
137 0.674729 0.720904 0.674271
138 0.674494 0.724635 0.673994
139 0.675049 0.7095 0.6747
140 0.675608 0.711823 0.675251
141 0.676292 0.714194 0.675925
142 0.677019 0.719077 0.676616
143 0.675707 0.720504 0.675271
144 0.67389 0.711237 0.673533
145 0.67434 0.717921 0.673917
146 0.674024 0.72626 0.673512
147 0.674445 0.723952 0.673958
148 0.67555 0.71521 0.675154
149 0.673954 0.735931 0.673336
150 0.672472 0.726815 0.671926
151 0.672345 0.74056 0.671664
152 0.672748 0.736831 0.67211
153 0.671444 0.744575 0.670724
154 0.669461 0.745196 0.668712
155 0.669624 0.745929 0.66887
156 0.669435 0.750337 0.668643
157 0.669995 0.749646 0.669212
158 0.670147 0.740513 0.669459
159 0.668951 0.738421 0.668269
160 0.668975 0.729579 0.668379
161 0.668729 0.736131 0.668066
162 0.668514 0.734533 0.667864
163 0.669679 0.731521 0.669079
164 0.670389 0.727092 0.669836
165 0.669906 0.720642 0.66941
166 0.669783 0.711942 0.66937
167 0.669935 0.71366 0.669503
168 0.669769 0.732385 0.669157
169 0.670956 0.72106 0.670466
170 0.671519 0.725756 0.671002
171 0.671366 0.71969 0.670913
172 0.669929 0.716823 0.669485
173 0.669056 0.709969 0.668667
174 0.66906 0.708594 0.668685
175 0.66883 0.717821 0.668364
176 0.669421 0.719204 0.668958
177 0.670863 0.729908 0.670309
178 0.671519 0.725317 0.671011
179 0.672156 0.723742 0.671668
180 0.672127 0.728175 0.671595
181 0.671933 0.716321 0.671517
182 0.672101 0.723579 0.671616
183 0.671098 0.717325 0.670652
184 0.670441 0.709852 0.67006
185 0.670521 0.713285 0.670111
186 0.671385 0.721019 0.670898
187 0.670719 0.715577 0.670268
188 0.669299 0.714742 0.66884
189 0.670511 0.7182 0.670021
190 0.670189 0.721085 0.669674
191 0.670646 0.729594 0.67005
192 0.670856 0.733477 0.670234
193 0.67087 0.728629 0.670291
194 0.671139 0.723638 0.670608
195 0.670714 0.715396 0.670254
196 0.669978 0.716523 0.669503
197 0.669853 0.72071 0.669347
198 0.669281 0.713106 0.668843
199 0.669151 0.714506 0.6687
200 0.669414 0.710615 0.669005
