1 0.18164 0.185178 0.181608
2 0.26728 0.267358 0.267279
3 0.339865 0.341289 0.339857
4 0.398205 0.399582 0.398196
5 0.439305 0.462407 0.439078
6 0.467645 0.494413 0.467383
7 0.486345 0.516301 0.48605
8 0.50461 0.534025 0.504318
9 0.52063 0.544806 0.520388
10 0.535905 0.558333 0.53568
11 0.549445 0.579775 0.549148
12 0.562655 0.589513 0.562388
13 0.5708 0.595646 0.570554
14 0.578685 0.61371 0.578337
15 0.586625 0.621036 0.586278
16 0.59245 0.632556 0.592051
17 0.595995 0.630688 0.595651
18 0.599605 0.642074 0.599188
19 0.601495 0.64145 0.601099
20 0.60297 0.644471 0.602561
21 0.604975 0.64709 0.604561
22 0.607055 0.657632 0.606554
23 0.609065 0.655369 0.6086
24 0.609895 0.658947 0.609409
25 0.609005 0.662779 0.608471
26 0.609825 0.662894 0.609298
27 0.61056 0.654496 0.610119
28 0.611345 0.657864 0.610878
29 0.61152 0.663978 0.610995
30 0.61333 0.666338 0.6128
31 0.61363 0.676069 0.61301
32 0.614405 0.678383 0.613775
33 0.614645 0.674632 0.614054
34 0.61547 0.676331 0.61487
35 0.61606 0.675761 0.615474
36 0.61714 0.679249 0.616532
37 0.617615 0.677182 0.617034
38 0.61701 0.674553 0.616451
39 0.6171 0.67999 0.61649
40 0.617785 0.681043 0.617167
41 0.617235 0.677583 0.616644
42 0.61737 0.683387 0.616722
43 0.617945 0.677192 0.617363
44 0.617075 0.684819 0.616406
45 0.616435 0.675697 0.615849
46 0.617425 0.681119 0.616797
47 0.61704 0.681376 0.616408
48 0.617875 0.68721 0.617198
49 0.6175 0.679228 0.616899
50 0.61638 0.681851 0.615738
51 0.61489 0.677249 0.614275
52 0.615585 0.678797 0.614961
53 0.617385 0.681896 0.616751
54 0.61838 0.690044 0.617676
55 0.619175 0.692717 0.618453
56 0.61903 0.696247 0.61827
57 0.61808 0.694346 0.617331
58 0.617715 0.698633 0.616917
59 0.61925 0.701386 0.618445
60 0.619665 0.690506 0.618971
61 0.6184 0.689949 0.617695
62 0.618395 0.695336 0.617634
63 0.616675 0.701526 0.615838
64 0.617495 0.704814 0.616633
65 0.617635 0.702618 0.616794
66 0.618565 0.696444 0.617794
67 0.618095 0.699182 0.617291
68 0.617215 0.689781 0.616494
69 0.616715 0.686551 0.61602
70 0.61672 0.687594 0.616014
71 0.61748 0.682919 0.61683
72 0.617855 0.688101 0.617155
73 0.617185 0.684079 0.616523
74 0.616635 0.67951 0.616014
75 0.61679 0.684014 0.616126
76 0.61666 0.689699 0.615936
77 0.61752 0.685186 0.616853
78 0.618295 0.682312 0.617661
79 0.618045 0.690186 0.617331
80 0.61783 0.689671 0.61712
81 0.617445 0.685937 0.616769
82 0.617335 0.689965 0.616618
83 0.618555 0.695586 0.617793
84 0.61905 0.693675 0.618314
85 0.61942 0.696776 0.618658
86 0.61926 0.696056 0.618502
87 0.618365 0.693693 0.617621
88 0.618085 0.683535 0.617439
89 0.619495 0.687832 0.61882
90 0.620155 0.693033 0.619434
91 0.61922 0.695032 0.618468
92 0.61912 0.688228 0.618432
93 0.619665 0.688932 0.618983
94 0.618745 0.689019 0.618053
95 0.61912 0.695674 0.618369
96 0.61959 0.696561 0.618835
97 0.620525 0.693382 0.619813
98 0.6209 0.690282 0.620217
99 0.619825 0.686047 0.61917
100 0.61832 0.679635 0.617713
101 0.617555 0.690747 0.616834
102 0.61656 0.69171 0.615823
103 0.615505 0.695203 0.61472
104 0.61565 0.693124 0.614886
105 0.616075 0.692289 0.615322
106 0.61615 0.691639 0.615403
107 0.615855 0.687783 0.615144
108 0.615895 0.691211 0.615151
109 0.61608 0.700514 0.615244
110 0.617115 0.705558 0.616237
111 0.61748 0.699661 0.616663
112 0.617435 0.700644 0.616609
113 0.617755 0.697022 0.616968
114 0.618155 0.698362 0.617359
115 0.61864 0.701903 0.617818
116 0.61877 0.707675 0.617891
117 0.619075 0.713778 0.618142
118 0.61902 0.710892 0.618117
119 0.619655 0.698664 0.618879
120 0.61862 0.696712 0.617852
121 0.61868 0.690442 0.617974
122 0.61871 0.695708 0.61795
123 0.618365 0.698115 0.617582
124 0.617445 0.702357 0.616612
125 0.61685 0.711708 0.615916
126 0.617495 0.709704 0.616588
127 0.617 0.704731 0.616134
128 0.61712 0.715231 0.616154
129 0.61619 0.704314 0.615322
130 0.616045 0.702846 0.615188
131 0.61558 0.70605 0.614685
132 0.61639 0.704576 0.615518
133 0.61592 0.704664 0.61504
134 0.615485 0.702632 0.614627
135 0.614915 0.690053 0.614176
136 0.614695 0.685239 0.614
137 0.61519 0.695526 0.614401
138 0.616495 0.689636 0.61578
139 0.61684 0.693262 0.616089
140 0.61629 0.695608 0.615513
141 0.616355 0.69659 0.615562
142 0.61626 0.700778 0.615426
143 0.616425 0.700306 0.615599
144 0.61603 0.698864 0.615213
145 0.61707 0.697874 0.61627
146 0.617215 0.688939 0.616507
147 0.61628 0.686046 0.615589
148 0.616005 0.683268 0.615338
149 0.615065 0.689967 0.614324
150 0.615345 0.694429 0.614565
151 0.61622 0.694872 0.615441
152 0.61568 0.697393 0.614873
153 0.61571 0.694882 0.614929
154 0.61571 0.695636 0.614923
155 0.61633 0.704468 0.615459
156 0.6152 0.699242 0.614369
157 0.615255 0.697892 0.61444
158 0.615835 0.705631 0.614948
159 0.615905 0.703618 0.615038
160 0.6161 0.708926 0.615185
161 0.615035 0.709535 0.614102
162 0.614515 0.705831 0.613616
163 0.613775 0.707922 0.612849
164 0.614155 0.710714 0.613207
165 0.61412 0.70951 0.613184
166 0.61461 0.704853 0.613725
167 0.615525 0.708462 0.614609
168 0.615565 0.710294 0.614628
169 0.615 0.705132 0.614107
170 0.614595 0.706226 0.61369
171 0.61498 0.706617 0.614078
172 0.615825 0.707843 0.614916
173 0.615475 0.695658 0.614683
174 0.61514 0.700718 0.614295
175 0.6149 0.699858 0.61406
176 0.6151 0.700546 0.614258
177 0.614465 0.701583 0.613605
178 0.613775 0.698676 0.612935
179 0.614295 0.698651 0.613459
180 0.615465 0.710794 0.614525
181 0.61579 0.697946 0.614978
182 0.61767 0.701618 0.61684
183 0.61729 0.713964 0.616339
184 0.61512 0.704001 0.614243
185 0.614765 0.707363 0.613854
186 0.61428 0.709043 0.613347
187 0.614525 0.72386 0.613451
188 0.614745 0.712886 0.613781
189 0.61488 0.709024 0.613951
190 0.615445 0.701867 0.614594
191 0.61607 0.705474 0.615188
192 0.615485 0.698483 0.614666
193 0.616935 0.694765 0.616164
194 0.617605 0.694658 0.616836
195 0.61892 0.699768 0.618121
196 0.619145 0.700978 0.618339
197 0.618985 0.694104 0.618246
198 0.61889 0.697618 0.618113
199 0.619765 0.696272 0.619009
200 0.618455 0.691532 0.617733
