1 0.184275 0.184563 0.184273
2 0.270355 0.261711 0.270438
3 0.342585 0.347821 0.342531
4 0.40162 0.401484 0.40162
5 0.44078 0.436986 0.440817
6 0.468145 0.467635 0.468148
7 0.489475 0.501652 0.489355
8 0.50558 0.517535 0.505463
9 0.522045 0.538865 0.521882
10 0.537065 0.553163 0.536909
11 0.548275 0.573147 0.548028
12 0.55616 0.575568 0.555968
13 0.562915 0.585413 0.562694
14 0.56995 0.586691 0.569787
15 0.575115 0.593466 0.574934
16 0.57796 0.598491 0.577758
17 0.578765 0.601702 0.578537
18 0.578705 0.606607 0.578429
19 0.57808 0.611125 0.577756
20 0.57836 0.616803 0.577986
21 0.578465 0.617997 0.578081
22 0.57998 0.61715 0.579618
23 0.582175 0.613407 0.581871
24 0.584655 0.61826 0.584325
25 0.58755 0.618 0.587252
26 0.588505 0.622525 0.58817
27 0.588435 0.629158 0.588035
28 0.58774 0.627552 0.58735
29 0.587225 0.625095 0.586857
30 0.58862 0.628454 0.588233
31 0.588295 0.63109 0.587879
32 0.588 0.631848 0.587574
33 0.58823 0.63374 0.587787
34 0.587835 0.622851 0.587493
35 0.587755 0.62137 0.587428
36 0.587925 0.630677 0.587508
37 0.587985 0.630766 0.587565
38 0.589095 0.631058 0.588683
39 0.589745 0.622773 0.589423
40 0.59042 0.623067 0.5901
41 0.59061 0.627769 0.590245
42 0.591155 0.63251 0.59075
43 0.59114 0.629726 0.590762
44 0.59052 0.632146 0.590109
45 0.59167 0.624384 0.591348
46 0.592275 0.626562 0.591936
47 0.592675 0.631712 0.592287
48 0.59217 0.631703 0.591778
49 0.593545 0.636778 0.593119
50 0.59595 0.635571 0.595559
51 0.59547 0.634241 0.595089
52 0.59507 0.640158 0.594627
53 0.59508 0.63878 0.594652
54 0.595045 0.644299 0.594563
55 0.59428 0.637826 0.593854
56 0.593565 0.641316 0.593097
57 0.593725 0.634676 0.593323
58 0.59364 0.643791 0.593146
59 0.592975 0.644815 0.592463
60 0.59264 0.643036 0.592143
61 0.5922 0.638347 0.591747
62 0.5921 0.633703 0.591693
63 0.59081 0.63172 0.590409
64 0.59175 0.646539 0.591213
65 0.59128 0.644108 0.590763
66 0.59099 0.648786 0.590424
67 0.590005 0.647102 0.589442
68 0.588335 0.647982 0.587747
69 0.589235 0.644637 0.588688
70 0.58886 0.640559 0.588351
71 0.588915 0.642679 0.588383
72 0.590155 0.640155 0.58966
73 0.58956 0.648274 0.588978
74 0.58943 0.64318 0.588897
75 0.590185 0.636694 0.589725
76 0.5897 0.63612 0.589242
77 0.59118 0.638604 0.590712
78 0.591395 0.638959 0.590927
79 0.590685 0.635429 0.590244
80 0.59087 0.638777 0.590398
81 0.5912 0.637483 0.590743
82 0.590745 0.640483 0.590255
83 0.590845 0.637238 0.590389
84 0.590915 0.637567 0.590459
85 0.591605 0.63544 0.591177
86 0.591005 0.632977 0.590592
87 0.59104 0.634071 0.590617
88 0.59153 0.633679 0.591117
89 0.59172 0.629271 0.591353
90 0.5913 0.632546 0.590895
91 0.58897 0.63089 0.588557
92 0.587615 0.62695 0.587225
93 0.58732 0.625918 0.58694
94 0.588525 0.627847 0.588139
95 0.589665 0.633332 0.589236
96 0.58948 0.631877 0.589063
97 0.591295 0.633559 0.590878
98 0.591255 0.631741 0.590855
99 0.591315 0.641535 0.590818
100 0.59176 0.642142 0.591265
101 0.591965 0.638085 0.591512
102 0.592255 0.644095 0.591745
103 0.591165 0.642191 0.590663
104 0.591245 0.64329 0.590731
105 0.59009 0.63765 0.589622
106 0.59074 0.629866 0.590355
107 0.59034 0.626508 0.589986
108 0.590615 0.630671 0.590223
109 0.589985 0.632407 0.589567
110 0.589805 0.632018 0.58939
111 0.589305 0.624088 0.588963
112 0.589905 0.624968 0.589563
113 0.590845 0.625283 0.590506
114 0.59197 0.6269 0.591627
115 0.5916 0.627515 0.591248
116 0.59099 0.630471 0.590602
117 0.591335 0.627444 0.590979
118 0.590435 0.629945 0.590044
119 0.58923 0.631273 0.588815
120 0.586655 0.633699 0.58619
121 0.58575 0.630272 0.585311
122 0.58535 0.63626 0.584848
123 0.58541 0.640708 0.584865
124 0.58612 0.641129 0.585577
125 0.585995 0.634828 0.585514
126 0.584245 0.634024 0.583755
127 0.583815 0.637136 0.58329
128 0.584255 0.634373 0.583763
129 0.58332 0.636574 0.582797
130 0.58143 0.635115 0.580905
131 0.580875 0.62706 0.580423
132 0.582205 0.631725 0.581718
133 0.58375 0.634955 0.583249
134 0.585025 0.637699 0.584509
135 0.585305 0.639151 0.584779
136 0.58456 0.639585 0.58402
137 0.584815 0.634902 0.584325
138 0.58662 0.631706 0.586178
139 0.586215 0.639234 0.585696
140 0.58621 0.643591 0.585649
141 0.58596 0.638792 0.585443
142 0.58679 0.643511 0.586232
143 0.587455 0.636534 0.586973
144 0.58828 0.635918 0.587813
145 0.589035 0.638612 0.588549
146 0.589605 0.638155 0.589127
147 0.590915 0.640786 0.590423
148 0.591115 0.640141 0.590631
149 0.59126 0.638366 0.590794
150 0.590985 0.637001 0.59053
151 0.59034 0.631527 0.589933
152 0.59062 0.637602 0.590157
153 0.59121 0.639086 0.590737
154 0.590425 0.644562 0.589891
155 0.589295 0.649359 0.588703
156 0.588595 0.643032 0.588059
157 0.58812 0.641444 0.587594
158 0.58893 0.637622 0.58845
159 0.58922 0.635847 0.588761
160 0.58885 0.63367 0.588409
161 0.58886 0.634073 0.588415
162 0.59013 0.638379 0.589655
163 0.590535 0.640914 0.59004
164 0.59024 0.631902 0.589829
165 0.58962 0.637598 0.589145
166 0.5883 0.63473 0.587838
167 0.587495 0.635403 0.587018
168 0.588555 0.635898 0.588085
169 0.58898 0.639236 0.588483
170 0.589185 0.636135 0.58872
171 0.58797 0.630074 0.587554
172 0.587795 0.629426 0.587384
173 0.58594 0.62775 0.585529
174 0.585065 0.627487 0.584648
175 0.585915 0.625372 0.58553
176 0.58619 0.630563 0.585754
177 0.587205 0.62344 0.586849
178 0.588465 0.628697 0.588069
179 0.59011 0.635553 0.589664
180 0.59026 0.63899 0.58978
181 0.59044 0.645278 0.589898
182 0.59084 0.645123 0.590304
183 0.59005 0.644569 0.589513
184 0.591155 0.652232 0.590556
185 0.590875 0.646797 0.590327
186 0.59001 0.649077 0.58943
187 0.589285 0.647153 0.588715
188 0.588335 0.641954 0.587808
189 0.58722 0.643812 0.586662
190 0.587405 0.642792 0.586859
191 0.58836 0.645197 0.587802
192 0.58769 0.643736 0.58714
193 0.58786 0.635162 0.587398
194 0.586775 0.627796 0.586372
195 0.58691 0.629948 0.586489
196 0.58754 0.632108 0.587106
197 0.588145 0.62554 0.587782
198 0.58849 0.631542 0.588067
199 0.58874 0.629003 0.588343
200 0.588315 0.630747 0.587896
