1 0.181981 0.176525 0.182033
2 0.269467 0.247275 0.269686
3 0.342493 0.323825 0.342665
4 0.400093 0.38145 0.400255
5 0.442865 0.434 0.442935
6 0.475429 0.469708 0.475472
7 0.497692 0.505792 0.497593
8 0.514624 0.51365 0.514611
9 0.529896 0.531358 0.529862
10 0.545584 0.562167 0.545406
11 0.562461 0.58305 0.562247
12 0.579846 0.603508 0.579611
13 0.596514 0.617275 0.596316
14 0.610944 0.620142 0.610863
15 0.621941 0.635033 0.621819
16 0.630081 0.66025 0.629787
17 0.637596 0.675542 0.637219
18 0.643584 0.694183 0.643072
19 0.647354 0.698525 0.646841
20 0.650515 0.699042 0.650027
21 0.654145 0.695883 0.653722
22 0.656585 0.699242 0.656161
23 0.660133 0.699333 0.659743
24 0.663036 0.70525 0.662612
25 0.666159 0.69725 0.665852
26 0.668094 0.687825 0.667899
27 0.669092 0.683483 0.668954
28 0.669127 0.684883 0.668972
29 0.667974 0.699433 0.667651
30 0.667579 0.697967 0.667271
31 0.667766 0.695242 0.667494
32 0.669332 0.692017 0.669105
33 0.669635 0.700342 0.669322
34 0.669589 0.701292 0.669264
35 0.669545 0.697592 0.669253
36 0.671478 0.694917 0.671229
37 0.671262 0.692742 0.671038
38 0.672027 0.704825 0.671694
39 0.67257 0.707525 0.672225
40 0.673594 0.713575 0.673202
41 0.674006 0.704225 0.673708
42 0.675011 0.705925 0.674701
43 0.676427 0.722992 0.675976
44 0.675711 0.724017 0.675234
45 0.676249 0.722842 0.675789
46 0.675631 0.712692 0.675265
47 0.675561 0.720642 0.675106
48 0.674708 0.711392 0.674335
49 0.674369 0.701992 0.674094
50 0.675247 0.704958 0.674959
51 0.673951 0.712058 0.673579
52 0.6737 0.704633 0.673391
53 0.673381 0.691983 0.673192
54 0.67348 0.700975 0.673215
55 0.673855 0.6928 0.673676
56 0.674026 0.69825 0.673791
57 0.673996 0.694508 0.673804
58 0.672946 0.715308 0.672534
59 0.672012 0.707833 0.671665
60 0.672665 0.690508 0.67249
61 0.671594 0.692967 0.671392
62 0.671147 0.6989 0.670881
63 0.670175 0.69565 0.669939
64 0.668556 0.704875 0.668207
65 0.668331 0.715025 0.667872
66 0.669269 0.708475 0.668883
67 0.670226 0.7074 0.669861
68 0.671414 0.70735 0.67106
69 0.670503 0.702375 0.670187
70 0.671718 0.702325 0.671406
71 0.671603 0.709175 0.671215
72 0.671454 0.719 0.670976
73 0.671365 0.7278 0.670803
74 0.671419 0.727475 0.670853
75 0.670215 0.709717 0.669809
76 0.669614 0.699308 0.669302
77 0.671195 0.70655 0.67084
78 0.672526 0.711742 0.672147
79 0.672681 0.716075 0.672257
80 0.672911 0.716225 0.672492
81 0.672725 0.711025 0.672348
82 0.671561 0.716125 0.671118
83 0.670094 0.71395 0.669658
84 0.670562 0.716125 0.670115
85 0.670688 0.712375 0.670277
86 0.670959 0.716825 0.67051
87 0.672285 0.71185 0.671895
88 0.673016 0.719875 0.672548
89 0.672904 0.72415 0.672391
90 0.672067 0.714142 0.671652
91 0.673002 0.722817 0.672517
92 0.672519 0.716242 0.672088
93 0.671769 0.718017 0.671314
94 0.671836 0.714167 0.671414
95 0.671847 0.712608 0.671451
96 0.671868 0.701758 0.67158
97 0.671446 0.712783 0.671037
98 0.672234 0.714308 0.671808
99 0.673463 0.711133 0.673071
100 0.673131 0.719917 0.672656
101 0.671824 0.716042 0.671376
102 0.671146 0.710317 0.670748
103 0.670236 0.715492 0.669781
104 0.669513 0.717617 0.669027
105 0.668535 0.721317 0.667999
106 0.667645 0.729492 0.667027
107 0.666984 0.717892 0.666473
108 0.667027 0.705292 0.666643
109 0.668746 0.727817 0.668155
110 0.669099 0.723192 0.668551
111 0.669919 0.723067 0.669382
112 0.67058 0.716217 0.670116
113 0.671987 0.717708 0.671531
114 0.672555 0.714158 0.672137
115 0.672524 0.716383 0.672087
116 0.671872 0.721483 0.671376
117 0.67187 0.710158 0.671487
118 0.671495 0.703208 0.671173
119 0.67115 0.706158 0.670808
120 0.6703 0.6974 0.670037
121 0.670616 0.6961 0.670365
122 0.670404 0.7118 0.669989
123 0.671038 0.7117 0.670632
124 0.671265 0.7212 0.670764
125 0.6716 0.713683 0.671176
126 0.671066 0.704508 0.670723
127 0.671116 0.702483 0.670789
128 0.671096 0.71535 0.670649
129 0.671636 0.7161 0.671181
130 0.671199 0.70945 0.670807
131 0.670509 0.704075 0.670172
132 0.671252 0.711825 0.670852
133 0.672219 0.7094 0.671848
134 0.671704 0.697575 0.67145
135 0.671714 0.6985 0.671452
136 0.671484 0.6981 0.671217
137 0.671558 0.71185 0.671144
138 0.671665 0.7126 0.671242
139 0.671626 0.714675 0.671183
140 0.670121 0.714025 0.669683
141 0.670444 0.6982 0.670171
142 0.671732 0.701975 0.671434
143 0.67297 0.721975 0.672481
144 0.67274 0.714025 0.672326
145 0.67266 0.710733 0.672285
146 0.673168 0.710108 0.672797
147 0.674023 0.708758 0.673674
148 0.674347 0.702983 0.674063
149 0.674319 0.702633 0.674029
150 0.675527 0.702933 0.675244
151 0.676999 0.695383 0.676802
152 0.677444 0.704375 0.677185
153 0.676656 0.70915 0.676344
154 0.675651 0.71435 0.675269
155 0.674987 0.730125 0.674448
156 0.675179 0.720575 0.674733
157 0.674305 0.713908 0.673916
158 0.673689 0.712583 0.673304
159 0.673971 0.716408 0.673551
160 0.674675 0.712508 0.674298
161 0.673004 0.716633 0.672569
162 0.672137 0.717783 0.671676
163 0.672304 0.730958 0.671712
164 0.671212 0.727483 0.670646
165 0.670374 0.726408 0.669808
166 0.669639 0.722742 0.669107
167 0.670721 0.716933 0.670259
168 0.670015 0.709717 0.669623
169 0.670054 0.706075 0.669708
170 0.670584 0.70135 0.670293
171 0.671548 0.708 0.671196
172 0.672027 0.715825 0.671599
173 0.671589 0.710625 0.671203
174 0.671671 0.704475 0.671352
175 0.672024 0.7001 0.671752
176 0.672267 0.69655 0.672032
177 0.671588 0.6944 0.671366
178 0.671247 0.687875 0.671084
179 0.671275 0.7007 0.67098
180 0.67172 0.703367 0.671412
181 0.67227 0.710417 0.671893
182 0.672175 0.712917 0.671772
183 0.672814 0.690242 0.672637
184 0.671929 0.690292 0.67174
185 0.671521 0.706117 0.671171
186 0.67016 0.707367 0.669782
187 0.668801 0.713617 0.668355
188 0.66765 0.716825 0.667168
189 0.66799 0.715375 0.66752
190 0.66695 0.71785 0.666445
191 0.665127 0.7052 0.664722
192 0.66573 0.704725 0.665332
193 0.666186 0.7171 0.665677
194 0.668135 0.70085 0.667804
195 0.66878 0.71215 0.668342
196 0.669386 0.7142 0.66893
197 0.670575 0.709975 0.670166
198 0.671194 0.711275 0.670786
199 0.672541 0.707983 0.672178
200 0.672615 0.71145 0.672226
