1 0.183625 0.159725 0.183853
2 0.26985 0.274075 0.269824
3 0.341895 0.35825 0.341745
4 0.402238 0.42515 0.402012
5 0.448732 0.4756 0.448454
6 0.48122 0.498625 0.481027
7 0.502912 0.508275 0.502839
8 0.518482 0.517025 0.518481
9 0.53392 0.521075 0.534035
10 0.548333 0.532475 0.548475
11 0.56335 0.564975 0.563328
12 0.579203 0.582875 0.579163
13 0.59565 0.608025 0.595518
14 0.610093 0.61495 0.610043
15 0.62264 0.644 0.622428
16 0.633083 0.64915 0.632916
17 0.641297 0.6613 0.641098
18 0.64809 0.66125 0.647961
19 0.653888 0.670263 0.653721
20 0.657612 0.675025 0.657434
21 0.659197 0.682087 0.658968
22 0.66125 0.6923 0.660942
23 0.663345 0.692662 0.663051
24 0.666612 0.6873 0.666404
25 0.668675 0.677588 0.668594
26 0.670082 0.675475 0.670037
27 0.671607 0.674787 0.671583
28 0.67189 0.669525 0.671919
29 0.6717 0.665237 0.671766
30 0.67217 0.660325 0.672294
31 0.67255 0.668138 0.672599
32 0.671988 0.66975 0.672018
33 0.671447 0.660713 0.671559
34 0.671335 0.648725 0.671557
35 0.671045 0.66245 0.671122
36 0.671588 0.66605 0.671638
37 0.671345 0.668313 0.671377
38 0.671187 0.675025 0.671145
39 0.670925 0.682613 0.670808
40 0.670915 0.6803 0.670815
41 0.670557 0.677663 0.670483
42 0.67137 0.679975 0.671276
43 0.672538 0.681162 0.672444
44 0.67484 0.6842 0.674736
45 0.674973 0.678338 0.674922
46 0.675065 0.67235 0.675076
47 0.675932 0.678962 0.675901
48 0.675388 0.689025 0.675261
49 0.675255 0.687662 0.675135
50 0.676113 0.683325 0.676036
51 0.677523 0.687787 0.677418
52 0.67937 0.69575 0.679198
53 0.680602 0.698062 0.680422
54 0.6805 0.6874 0.680427
55 0.681497 0.683188 0.681472
56 0.68016 0.681275 0.680139
57 0.678057 0.68225 0.678008
58 0.676817 0.678437 0.676794
59 0.67748 0.67995 0.677449
60 0.6783 0.681138 0.678273
61 0.67796 0.67305 0.678004
62 0.67885 0.669363 0.678933
63 0.67857 0.67175 0.678634
64 0.678105 0.674125 0.678143
65 0.677793 0.684013 0.677735
66 0.677812 0.687 0.677726
67 0.678618 0.676113 0.678646
68 0.679055 0.694 0.678907
69 0.678725 0.7009 0.678509
70 0.678175 0.694113 0.67802
71 0.67838 0.702175 0.678145
72 0.678352 0.695963 0.678175
73 0.679022 0.682875 0.678982
74 0.67731 0.678212 0.677298
75 0.676325 0.68295 0.676253
76 0.676315 0.676363 0.676314
77 0.67678 0.675475 0.676795
78 0.676553 0.677662 0.676541
79 0.676683 0.682525 0.676624
80 0.67526 0.671963 0.675293
81 0.67385 0.679325 0.673792
82 0.67379 0.685837 0.673671
83 0.674305 0.6771 0.674278
84 0.673915 0.686863 0.673786
85 0.673787 0.678675 0.673736
86 0.673555 0.691612 0.673377
87 0.67381 0.687125 0.673673
88 0.67399 0.678487 0.673946
89 0.674642 0.68825 0.674506
90 0.673592 0.675163 0.67357
91 0.67291 0.6773 0.672854
92 0.671265 0.680488 0.671167
93 0.67182 0.66935 0.671834
94 0.67198 0.671537 0.671983
95 0.672065 0.660575 0.672173
96 0.67198 0.660137 0.672084
97 0.673462 0.646925 0.673712
98 0.67519 0.661288 0.675314
99 0.675655 0.66395 0.675764
100 0.675843 0.66895 0.675908
101 0.675067 0.660725 0.675209
102 0.674805 0.664275 0.674912
103 0.673923 0.663375 0.674024
104 0.67247 0.67355 0.672455
105 0.67255 0.67625 0.672507
106 0.6724 0.68065 0.672322
107 0.671757 0.6676 0.671797
108 0.67187 0.673925 0.671848
109 0.673835 0.676425 0.673814
110 0.675333 0.670187 0.675385
111 0.676692 0.66895 0.676768
112 0.67744 0.66815 0.677532
113 0.678233 0.667688 0.678338
114 0.678168 0.6721 0.678221
115 0.678172 0.668913 0.67826
116 0.677735 0.66895 0.677827
117 0.676275 0.668212 0.676364
118 0.676338 0.6736 0.676368
119 0.676252 0.680488 0.676207
120 0.676637 0.6719 0.676681
121 0.67714 0.670387 0.677206
122 0.67755 0.66365 0.67768
123 0.677408 0.659037 0.677581
124 0.675472 0.6667 0.675554
125 0.674273 0.667638 0.674335
126 0.674428 0.6681 0.674488
127 0.673782 0.681125 0.673708
128 0.673828 0.67185 0.673844
129 0.67292 0.687525 0.672771
130 0.6727 0.691175 0.672518
131 0.673115 0.69005 0.672947
132 0.673142 0.687425 0.673003
133 0.673375 0.688875 0.673216
134 0.673863 0.689725 0.673701
135 0.674075 0.688475 0.673932
136 0.674625 0.677275 0.674598
137 0.67388 0.677875 0.673853
138 0.6739 0.669338 0.673957
139 0.674605 0.675425 0.674607
140 0.67439 0.671213 0.674426
141 0.67432 0.67565 0.674308
142 0.674608 0.677287 0.674581
143 0.67498 0.6745 0.674979
144 0.674207 0.676412 0.674182
145 0.673303 0.6747 0.673284
146 0.67247 0.677725 0.672413
147 0.67243 0.673787 0.672411
148 0.673435 0.672825 0.673435
149 0.67337 0.656937 0.673533
150 0.67431 0.66095 0.674437
151 0.673487 0.672263 0.673496
152 0.673093 0.67685 0.673044
153 0.672753 0.68815 0.67259
154 0.673133 0.673587 0.673122
155 0.672252 0.669275 0.672275
156 0.6718 0.673863 0.67177
157 0.670643 0.67635 0.670585
158 0.669745 0.671787 0.669724
159 0.66892 0.66545 0.668958
160 0.669035 0.664012 0.669085
161 0.668907 0.6578 0.669019
162 0.668905 0.674687 0.668846
163 0.668725 0.67925 0.668613
164 0.66879 0.673112 0.668737
165 0.669565 0.684125 0.669417
166 0.669852 0.687412 0.669672
167 0.671422 0.6772 0.67136
168 0.673145 0.67445 0.673127
169 0.67491 0.67905 0.674858
170 0.67567 0.67945 0.675622
171 0.67542 0.687962 0.675295
172 0.675688 0.6838 0.675604
173 0.67483 0.686887 0.674704
174 0.674155 0.677575 0.674111
175 0.672415 0.676963 0.672364
176 0.671235 0.673175 0.671208
177 0.670408 0.675212 0.670353
178 0.66962 0.68755 0.669442
179 0.671722 0.699587 0.671446
180 0.67291 0.690825 0.672735
181 0.673033 0.690738 0.672857
182 0.674015 0.67695 0.673983
183 0.674925 0.6755 0.674915
184 0.675225 0.660663 0.675371
185 0.675055 0.6751 0.675064
186 0.676345 0.674663 0.676367
187 0.677685 0.6698 0.677767
188 0.677075 0.671812 0.677129
189 0.67609 0.667975 0.676167
190 0.67616 0.676125 0.676161
191 0.67661 0.681762 0.676558
192 0.676247 0.668625 0.676324
193 0.675952 0.661288 0.676097
194 0.676955 0.66565 0.677061
195 0.677772 0.666537 0.677883
196 0.67626 0.6749 0.676284
197 0.675548 0.674688 0.675563
198 0.6758 0.68145 0.675744
199 0.676935 0.697837 0.676728
200 0.67793 0.707075 0.677643
