1 0.18275 0.165586 0.182917
2 0.26851 0.253913 0.268651
3 0.33752 0.322384 0.337666
4 0.39106 0.378023 0.391185
5 0.432405 0.429047 0.432437
6 0.461165 0.466682 0.461108
7 0.481275 0.491189 0.481176
8 0.49714 0.508974 0.497021
9 0.51065 0.524828 0.510508
10 0.524745 0.531546 0.52468
11 0.540005 0.549005 0.539916
12 0.55488 0.562586 0.554805
13 0.569845 0.575933 0.569783
14 0.584315 0.588619 0.584274
15 0.596765 0.602177 0.596712
16 0.606295 0.613782 0.606223
17 0.614585 0.630368 0.614433
18 0.621155 0.637643 0.620995
19 0.627885 0.63892 0.627777
20 0.63299 0.642444 0.632898
21 0.6356 0.647078 0.635489
22 0.637335 0.641882 0.63729
23 0.64011 0.651088 0.639998
24 0.64322 0.648548 0.643164
25 0.64511 0.645566 0.645104
26 0.64568 0.640838 0.645728
27 0.64676 0.646736 0.646762
28 0.648075 0.643904 0.648116
29 0.64886 0.654794 0.6488
30 0.647255 0.65316 0.647195
31 0.64648 0.646634 0.646479
32 0.646295 0.645122 0.646307
33 0.647425 0.6512 0.647389
34 0.645245 0.65349 0.645164
35 0.64457 0.644804 0.644568
36 0.6434 0.647205 0.643365
37 0.642405 0.64571 0.642374
38 0.642545 0.645045 0.642522
39 0.64279 0.642566 0.642793
40 0.643455 0.643008 0.643459
41 0.641895 0.641018 0.641907
42 0.642065 0.647398 0.642016
43 0.64306 0.654447 0.642953
44 0.645255 0.647951 0.645234
45 0.64596 0.648196 0.645941
46 0.646495 0.655741 0.646406
47 0.646485 0.656932 0.646383
48 0.64526 0.65339 0.645182
49 0.64381 0.646074 0.643791
50 0.64298 0.646968 0.642943
51 0.643125 0.64837 0.643075
52 0.644285 0.662483 0.644104
53 0.64563 0.660691 0.645485
54 0.645795 0.662219 0.645635
55 0.64579 0.658825 0.645663
56 0.64496 0.659244 0.644817
57 0.645225 0.654538 0.64513
58 0.646635 0.656247 0.646538
59 0.646835 0.648407 0.646816
60 0.646055 0.648691 0.646025
61 0.64567 0.648657 0.645636
62 0.64556 0.649236 0.645519
63 0.64549 0.656894 0.645375
64 0.646085 0.647446 0.646071
65 0.64561 0.640691 0.645659
66 0.64534 0.645658 0.645336
67 0.64578 0.641384 0.645825
68 0.647745 0.643958 0.647784
69 0.64989 0.650884 0.649881
70 0.64995 0.648601 0.649964
71 0.650315 0.652892 0.65029
72 0.64962 0.655915 0.64956
73 0.64863 0.655796 0.64856
74 0.64868 0.659069 0.64858
75 0.64866 0.655472 0.648593
76 0.6475 0.652404 0.647452
77 0.64738 0.656672 0.64729
78 0.647615 0.650953 0.647585
79 0.64841 0.653656 0.648362
80 0.64994 0.646436 0.649976
81 0.64999 0.645463 0.650038
82 0.649455 0.652624 0.649425
83 0.64962 0.662206 0.649499
84 0.65031 0.667335 0.650148
85 0.650405 0.665602 0.650262
86 0.650955 0.664662 0.650822
87 0.651195 0.659133 0.651116
88 0.65161 0.658518 0.651543
89 0.651165 0.667702 0.651003
90 0.65128 0.664077 0.651153
91 0.64901 0.663504 0.648863
92 0.647755 0.65561 0.647674
93 0.64569 0.654433 0.645601
94 0.6448 0.650659 0.644742
95 0.644205 0.645386 0.644193
96 0.644145 0.639709 0.644186
97 0.64415 0.641411 0.644175
98 0.64375 0.641059 0.643776
99 0.643725 0.642679 0.643733
100 0.643865 0.639524 0.643907
101 0.64295 0.640336 0.642977
102 0.643425 0.640982 0.64345
103 0.643235 0.646838 0.643199
104 0.64465 0.647853 0.644616
105 0.64654 0.652107 0.646484
106 0.64637 0.649604 0.64634
107 0.646745 0.652956 0.646686
108 0.646665 0.64859 0.64665
109 0.64716 0.642685 0.647209
110 0.646395 0.644098 0.646424
111 0.646045 0.649498 0.646014
112 0.64575 0.648699 0.645723
113 0.64552 0.648067 0.645494
114 0.64567 0.655638 0.645569
115 0.64604 0.660802 0.645892
116 0.645835 0.652711 0.645762
117 0.647625 0.65531 0.647545
118 0.647635 0.65242 0.647587
119 0.647585 0.651724 0.647542
120 0.646515 0.650003 0.646481
121 0.646605 0.648921 0.646584
122 0.64792 0.652698 0.647874
123 0.648885 0.654153 0.648835
124 0.64904 0.652071 0.649008
125 0.65006 0.650786 0.650052
126 0.64891 0.653473 0.648864
127 0.648115 0.660397 0.647992
128 0.646465 0.651653 0.64641
129 0.646805 0.649635 0.646775
130 0.64573 0.649269 0.645694
131 0.64686 0.642907 0.646897
132 0.6463 0.643308 0.646325
133 0.646105 0.646659 0.646096
134 0.64658 0.643415 0.646608
135 0.64766 0.641757 0.647714
136 0.647715 0.645727 0.647731
137 0.64577 0.646313 0.645762
138 0.64544 0.641932 0.645473
139 0.646155 0.642895 0.646189
140 0.64596 0.648127 0.64594
141 0.647025 0.652548 0.64697
142 0.648125 0.648385 0.648117
143 0.647675 0.64903 0.647659
144 0.64645 0.649722 0.646416
145 0.64577 0.654268 0.645683
146 0.645355 0.647337 0.645334
147 0.643975 0.649579 0.64392
148 0.643515 0.646099 0.643488
149 0.642155 0.644108 0.642133
150 0.64313 0.643301 0.643128
151 0.64351 0.641327 0.643529
152 0.64474 0.645357 0.64473
153 0.64575 0.647928 0.645726
154 0.6475 0.658705 0.647388
155 0.64942 0.657629 0.64934
156 0.651375 0.662684 0.651266
157 0.65253 0.663263 0.652426
158 0.652975 0.662246 0.652883
159 0.652495 0.657771 0.652443
160 0.653005 0.659008 0.652946
161 0.652545 0.659456 0.652477
162 0.65127 0.661524 0.651168
163 0.649355 0.662829 0.64922
164 0.647695 0.654961 0.647617
165 0.6465 0.649749 0.646463
166 0.645295 0.64389 0.645305
167 0.643975 0.642567 0.643986
168 0.642705 0.640412 0.642723
169 0.64176 0.646375 0.641713
170 0.64113 0.652444 0.641017
171 0.642365 0.651266 0.642282
172 0.644005 0.659081 0.643859
173 0.644805 0.654832 0.64471
174 0.647735 0.659771 0.647619
175 0.649615 0.663012 0.649483
176 0.64933 0.664419 0.649178
177 0.64832 0.65899 0.648215
178 0.64732 0.652163 0.647271
179 0.647425 0.658989 0.647312
180 0.648205 0.659134 0.648098
181 0.64869 0.656593 0.648616
182 0.648745 0.657035 0.648664
183 0.64869 0.655019 0.648626
184 0.647685 0.655423 0.647607
185 0.648 0.654552 0.64793
186 0.648505 0.658362 0.648405
187 0.64887 0.65649 0.648793
188 0.650095 0.664057 0.649956
189 0.65056 0.661271 0.650453
190 0.649625 0.661954 0.649501
191 0.649215 0.660774 0.649103
192 0.648185 0.657242 0.648099
193 0.647835 0.658297 0.647735
194 0.64775 0.657183 0.647662
195 0.646 0.655126 0.645915
196 0.645595 0.654 0.645514
197 0.646535 0.651262 0.646491
198 0.647055 0.645505 0.647074
199 0.6482 0.648989 0.648193
200 0.64836 0.646796 0.648379
