1 0.18136 0.188499 0.181283
2 0.26758 0.261331 0.267634
3 0.3395 0.342368 0.339467
4 0.395505 0.408543 0.395374
5 0.437135 0.447549 0.437029
6 0.46598 0.492008 0.465719
7 0.486785 0.510944 0.486539
8 0.50421 0.530442 0.503945
9 0.52027 0.543489 0.520035
10 0.53551 0.562158 0.535241
11 0.550405 0.56811 0.550225
12 0.56643 0.577612 0.566317
13 0.580995 0.58844 0.580918
14 0.59497 0.597136 0.594947
15 0.608 0.616685 0.607917
16 0.61836 0.637475 0.618181
17 0.627875 0.642625 0.627735
18 0.63361 0.646814 0.633482
19 0.638365 0.641614 0.638334
20 0.640945 0.646594 0.640889
21 0.6433 0.646382 0.643268
22 0.646175 0.650987 0.646123
23 0.649375 0.648243 0.649386
24 0.652625 0.647814 0.652675
25 0.65527 0.647582 0.65535
26 0.65768 0.643892 0.65782
27 0.659765 0.642786 0.659935
28 0.662555 0.652103 0.662659
29 0.663905 0.650497 0.664038
30 0.66367 0.656519 0.663739
31 0.663615 0.670233 0.663547
32 0.663225 0.667581 0.663182
33 0.66221 0.672114 0.662108
34 0.66022 0.674314 0.660076
35 0.65848 0.674217 0.658321
36 0.658125 0.67255 0.65798
37 0.65862 0.675569 0.65845
38 0.659325 0.667582 0.659241
39 0.659305 0.660421 0.65929
40 0.660885 0.658088 0.660908
41 0.66116 0.6615 0.661153
42 0.661755 0.677007 0.661603
43 0.66304 0.671824 0.662955
44 0.664735 0.669085 0.66469
45 0.665515 0.670779 0.665461
46 0.66604 0.669318 0.666004
47 0.666285 0.664729 0.666297
48 0.66765 0.664324 0.667681
49 0.668105 0.669571 0.668089
50 0.66793 0.675772 0.667855
51 0.667505 0.679679 0.667389
52 0.66707 0.680588 0.666934
53 0.665925 0.678194 0.665802
54 0.664675 0.675974 0.664562
55 0.66434 0.677151 0.664213
56 0.66434 0.684203 0.664146
57 0.663685 0.674858 0.66358
58 0.662535 0.677765 0.662387
59 0.661835 0.67741 0.661685
60 0.6607 0.670971 0.660597
61 0.66009 0.676846 0.659928
62 0.66096 0.680308 0.660775
63 0.6611 0.686321 0.660862
64 0.66091 0.676854 0.660757
65 0.66047 0.670399 0.660373
66 0.661345 0.668468 0.661276
67 0.661815 0.663581 0.661799
68 0.663225 0.673831 0.66312
69 0.66334 0.671758 0.663257
70 0.66248 0.676482 0.662342
71 0.66241 0.675867 0.662276
72 0.66253 0.675381 0.662399
73 0.661855 0.672999 0.661741
74 0.661595 0.66976 0.661515
75 0.661615 0.665993 0.661569
76 0.661405 0.671128 0.661307
77 0.660695 0.660753 0.660693
78 0.65865 0.653428 0.658702
79 0.65855 0.650467 0.658629
80 0.65868 0.654417 0.658718
81 0.659965 0.663811 0.659923
82 0.660015 0.667178 0.659943
83 0.661105 0.677167 0.660941
84 0.662755 0.678772 0.662592
85 0.661505 0.678437 0.661338
86 0.659755 0.676282 0.659593
87 0.658955 0.67001 0.658842
88 0.65857 0.681578 0.658342
89 0.65875 0.677322 0.658565
90 0.65975 0.669033 0.659657
91 0.661025 0.663304 0.661006
92 0.66021 0.657453 0.660239
93 0.660165 0.653765 0.660231
94 0.662255 0.658768 0.662288
95 0.66324 0.663811 0.663235
96 0.662855 0.663661 0.662846
97 0.662275 0.667561 0.662217
98 0.661475 0.669447 0.661392
99 0.661215 0.667094 0.661148
100 0.66055 0.670475 0.660445
101 0.660685 0.66945 0.660592
102 0.660105 0.664085 0.66006
103 0.65869 0.659112 0.658681
104 0.65907 0.66339 0.659023
105 0.658465 0.66409 0.6584
106 0.659625 0.666713 0.659542
107 0.660565 0.668174 0.660484
108 0.66193 0.66661 0.661882
109 0.66134 0.670353 0.661245
110 0.66209 0.675468 0.661956
111 0.66286 0.673139 0.662756
112 0.66236 0.674143 0.662243
113 0.661995 0.676571 0.661852
114 0.66085 0.675515 0.660704
115 0.661185 0.673804 0.661061
116 0.6603 0.674457 0.660165
117 0.65958 0.669332 0.659489
118 0.65814 0.665893 0.658069
119 0.656875 0.665043 0.656802
120 0.6565 0.670679 0.656369
121 0.655105 0.656713 0.655095
122 0.655285 0.653232 0.655308
123 0.657355 0.656982 0.65736
124 0.658655 0.656515 0.658675
125 0.657925 0.656689 0.657936
126 0.658345 0.657925 0.658349
127 0.65837 0.658242 0.658369
128 0.658685 0.664469 0.658625
129 0.658925 0.658051 0.658933
130 0.65964 0.655713 0.65968
131 0.66047 0.660533 0.660471
132 0.66021 0.653539 0.660278
133 0.661005 0.652244 0.661094
134 0.6618 0.659539 0.661825
135 0.66252 0.661183 0.66253
136 0.66289 0.665197 0.662861
137 0.662055 0.662931 0.662042
138 0.661455 0.661287 0.661457
139 0.66041 0.660312 0.660411
140 0.66073 0.660214 0.660737
141 0.6604 0.663942 0.660366
142 0.660605 0.667557 0.660542
143 0.65997 0.663218 0.65994
144 0.659095 0.669624 0.658986
145 0.65888 0.672212 0.658742
146 0.658745 0.671928 0.658611
147 0.6592 0.6808 0.65898
148 0.65911 0.674278 0.658954
149 0.65949 0.670189 0.65938
150 0.66012 0.665411 0.660065
151 0.6601 0.663239 0.66007
152 0.66077 0.668037 0.660698
153 0.6603 0.672921 0.660176
154 0.662105 0.678154 0.661949
155 0.661755 0.681542 0.661566
156 0.66234 0.674914 0.662221
157 0.66233 0.672008 0.662238
158 0.661145 0.674163 0.661018
159 0.659245 0.665422 0.659187
160 0.6579 0.658231 0.657897
161 0.65834 0.653554 0.658389
162 0.658385 0.653758 0.658431
163 0.658075 0.64781 0.658172
164 0.65848 0.645039 0.658606
165 0.658145 0.6528 0.658191
166 0.65844 0.661667 0.658403
167 0.657265 0.654744 0.65729
168 0.65731 0.652981 0.657352
169 0.656615 0.652792 0.656649
170 0.655675 0.644589 0.655781
171 0.6553 0.647072 0.655379
172 0.655635 0.645733 0.65573
173 0.655895 0.655544 0.655895
174 0.65594 0.645639 0.656042
175 0.65664 0.644522 0.656758
176 0.658705 0.65744 0.658718
177 0.658915 0.647503 0.659027
178 0.658665 0.650328 0.658748
179 0.65754 0.648078 0.657631
180 0.655125 0.653222 0.655144
181 0.6549 0.649111 0.654961
182 0.654345 0.652446 0.654372
183 0.6541 0.643846 0.654207
184 0.65484 0.655206 0.654843
185 0.654425 0.651465 0.654464
186 0.65371 0.659604 0.653659
187 0.653475 0.658965 0.653427
188 0.653575 0.656883 0.65355
189 0.654055 0.650167 0.654099
190 0.65492 0.647369 0.654997
191 0.655905 0.650617 0.655961
192 0.656045 0.6569 0.656035
193 0.656045 0.6622 0.65598
194 0.655095 0.662269 0.655019
195 0.655495 0.660864 0.655434
196 0.65533 0.658093 0.655295
197 0.65683 0.660949 0.656782
198 0.658575 0.660382 0.658555
199 0.659245 0.653971 0.659292
200 0.6597 0.660082 0.659693
