1 0.18287 0.145675 0.183226
2 0.269705 0.2303 0.270088
3 0.3413 0.307475 0.341627
4 0.39865 0.373175 0.398884
5 0.444215 0.4091 0.444556
6 0.47682 0.461075 0.476978
7 0.49881 0.49725 0.498837
8 0.51555 0.5247 0.515468
9 0.53107 0.53895 0.531003
10 0.545795 0.572925 0.545546
11 0.561685 0.59465 0.561376
12 0.57604 0.611275 0.575699
13 0.590265 0.628075 0.589896
14 0.60372 0.63925 0.603368
15 0.61697 0.646525 0.616674
16 0.62813 0.649175 0.627911
17 0.636095 0.645625 0.63599
18 0.64367 0.648 0.643627
19 0.64888 0.654475 0.648836
20 0.65223 0.656475 0.652194
21 0.655755 0.670825 0.655622
22 0.660575 0.665475 0.660544
23 0.66369 0.6709 0.66363
24 0.666005 0.668175 0.665991
25 0.667965 0.686875 0.667781
26 0.668035 0.69115 0.667816
27 0.668725 0.695075 0.668466
28 0.66969 0.68995 0.669489
29 0.669495 0.6871 0.669322
30 0.670005 0.6851 0.669851
31 0.670085 0.67785 0.670004
32 0.669475 0.6815 0.66935
33 0.66968 0.687 0.669511
34 0.669105 0.6896 0.66891
35 0.67036 0.6781 0.670292
36 0.671315 0.6653 0.67138
37 0.67026 0.659175 0.67038
38 0.670025 0.64715 0.670261
39 0.67058 0.6503 0.670788
40 0.67191 0.668175 0.671964
41 0.67299 0.6654 0.673085
42 0.67313 0.662875 0.673246
43 0.67173 0.6656 0.671797
44 0.670595 0.66625 0.670642
45 0.670535 0.6785 0.670459
46 0.6709 0.684875 0.670758
47 0.67174 0.681225 0.671641
48 0.67208 0.67875 0.672012
49 0.672145 0.687825 0.671984
50 0.67144 0.689625 0.671259
51 0.670815 0.68425 0.670673
52 0.669995 0.672275 0.669957
53 0.669865 0.667875 0.669863
54 0.669035 0.665275 0.669062
55 0.668505 0.657725 0.668616
56 0.668635 0.652925 0.668792
57 0.66772 0.648475 0.667914
58 0.66746 0.65195 0.667608
59 0.66763 0.65295 0.667767
60 0.666745 0.649175 0.666912
61 0.66686 0.646825 0.667048
62 0.667685 0.655875 0.667784
63 0.66656 0.647025 0.666733
64 0.66556 0.656625 0.665624
65 0.665325 0.659975 0.665351
66 0.666235 0.6713 0.666177
67 0.66608 0.6766 0.665965
68 0.66546 0.67915 0.665311
69 0.66591 0.689525 0.665655
70 0.664635 0.683325 0.66443
71 0.663805 0.6692 0.663738
72 0.6635 0.66785 0.663447
73 0.664115 0.670675 0.664038
74 0.665295 0.677225 0.665168
75 0.66831 0.6874 0.668117
76 0.66981 0.67505 0.669748
77 0.671365 0.6613 0.671452
78 0.671555 0.6721 0.671538
79 0.671155 0.680425 0.671046
80 0.66998 0.675 0.669919
81 0.67062 0.661875 0.670698
82 0.67029 0.649875 0.670485
83 0.66973 0.641825 0.669992
84 0.670305 0.6398 0.670595
85 0.670165 0.66435 0.670203
86 0.67182 0.6844 0.671682
87 0.671655 0.67635 0.671594
88 0.67133 0.6776 0.671265
89 0.671675 0.670125 0.671684
90 0.67047 0.672275 0.670442
91 0.6686 0.67075 0.668573
92 0.66741 0.66595 0.667415
93 0.666995 0.67235 0.666946
94 0.66756 0.66615 0.667579
95 0.66759 0.673425 0.667533
96 0.66781 0.684625 0.667644
97 0.667155 0.67555 0.667075
98 0.667215 0.677675 0.66711
99 0.66644 0.67085 0.666393
100 0.664775 0.672525 0.664701
101 0.66305 0.66885 0.662999
102 0.662435 0.668 0.662382
103 0.66236 0.66785 0.662302
104 0.663165 0.670725 0.663088
105 0.663225 0.658225 0.66328
106 0.66464 0.65925 0.664696
107 0.665885 0.668225 0.665868
108 0.667835 0.689825 0.667618
109 0.668405 0.7042 0.668064
110 0.669805 0.694925 0.669568
111 0.669845 0.68755 0.669678
112 0.66949 0.679375 0.669398
113 0.66985 0.67275 0.669832
114 0.67071 0.67445 0.670682
115 0.67132 0.666825 0.671376
116 0.67153 0.669925 0.671549
117 0.67151 0.681075 0.671422
118 0.671315 0.6746 0.671284
119 0.671145 0.67495 0.671102
120 0.672555 0.678125 0.672492
121 0.672725 0.675025 0.672692
122 0.67277 0.68275 0.672663
123 0.67384 0.680725 0.673768
124 0.674265 0.673125 0.674272
125 0.674755 0.6678 0.674815
126 0.675285 0.67445 0.675284
127 0.67382 0.67475 0.673814
128 0.671665 0.6808 0.671581
129 0.671005 0.680575 0.670923
130 0.67001 0.6694 0.670022
131 0.670105 0.656125 0.670248
132 0.671895 0.670925 0.671903
133 0.67272 0.6661 0.672788
134 0.673195 0.6694 0.673227
135 0.674765 0.6785 0.674724
136 0.67431 0.689175 0.674158
137 0.67392 0.69135 0.673749
138 0.672895 0.680525 0.672814
139 0.672835 0.675325 0.672805
140 0.672255 0.664725 0.67232
141 0.671585 0.66415 0.671651
142 0.672145 0.681325 0.672044
143 0.67278 0.67985 0.672697
144 0.673555 0.672625 0.673545
145 0.672805 0.666675 0.672863
146 0.671525 0.67635 0.671484
147 0.67028 0.6796 0.670197
148 0.669285 0.683425 0.669148
149 0.669455 0.691 0.669237
150 0.671065 0.6945 0.670828
151 0.671085 0.685875 0.670932
152 0.671295 0.68235 0.671188
153 0.67056 0.6763 0.670504
154 0.66988 0.660275 0.669972
155 0.669985 0.657275 0.670105
156 0.670125 0.6664 0.670158
157 0.669755 0.666 0.669789
158 0.670535 0.6787 0.670445
159 0.66978 0.68285 0.669661
160 0.669475 0.676425 0.669408
161 0.668315 0.65805 0.668424
162 0.667715 0.659375 0.667799
163 0.666075 0.66295 0.666097
164 0.66461 0.67855 0.664467
165 0.663765 0.67765 0.663629
166 0.66406 0.67235 0.663974
167 0.66564 0.66995 0.665592
168 0.666855 0.6592 0.666924
169 0.667535 0.6689 0.667511
170 0.668485 0.67885 0.668384
171 0.669145 0.679175 0.669047
172 0.67064 0.6876 0.670469
173 0.67039 0.6769 0.670322
174 0.669025 0.677125 0.668939
175 0.668445 0.6846 0.668282
176 0.6669 0.679 0.666775
177 0.6669 0.683225 0.666729
178 0.666155 0.67425 0.666071
179 0.666205 0.679825 0.666071
180 0.666345 0.67585 0.666268
181 0.666505 0.67525 0.666431
182 0.66749 0.673275 0.667451
183 0.668845 0.68605 0.668682
184 0.66833 0.688275 0.668142
185 0.66912 0.67775 0.669039
186 0.66905 0.66555 0.66909
187 0.66881 0.654075 0.668957
188 0.66849 0.655075 0.668623
189 0.66758 0.658875 0.667662
190 0.66641 0.644225 0.666623
191 0.66627 0.650075 0.666427
192 0.66586 0.653675 0.665976
193 0.665975 0.663875 0.665991
194 0.66612 0.6744 0.666037
195 0.66617 0.662925 0.666204
196 0.667615 0.66515 0.667644
197 0.667205 0.66285 0.66725
198 0.66747 0.669875 0.66745
199 0.6677 0.677725 0.667606
200 0.66806 0.6864 0.667879
