1 0.18209 0.20885 0.181831
2 0.26823 0.28085 0.268113
3 0.33993 0.352225 0.339813
4 0.398845 0.409 0.398739
5 0.44154 0.4561 0.441395
6 0.47167 0.500225 0.47139
7 0.49233 0.536025 0.491903
8 0.50819 0.546025 0.507823
9 0.523165 0.5568 0.52283
10 0.53814 0.5783 0.537737
11 0.551635 0.59195 0.551237
12 0.56463 0.60695 0.564214
13 0.578175 0.6171 0.577801
14 0.589825 0.625225 0.58949
15 0.599615 0.640575 0.599219
16 0.606825 0.6394 0.606507
17 0.613065 0.644525 0.612756
18 0.619135 0.658525 0.618745
19 0.6244 0.656825 0.624072
20 0.627735 0.673425 0.627285
21 0.633605 0.6748 0.633203
22 0.63974 0.68455 0.63931
23 0.643585 0.693075 0.643099
24 0.647125 0.70135 0.646587
25 0.649195 0.703075 0.648653
26 0.64987 0.71335 0.649238
27 0.649905 0.703875 0.649361
28 0.651575 0.710275 0.650993
29 0.652175 0.715275 0.651546
30 0.65391 0.725825 0.653202
31 0.65525 0.72765 0.654535
32 0.65596 0.743 0.655086
33 0.655995 0.74215 0.655137
34 0.656175 0.722875 0.655505
35 0.65708 0.71905 0.656463
36 0.656805 0.725425 0.656126
37 0.65752 0.7288 0.656819
38 0.65836 0.7165 0.657791
39 0.65837 0.710275 0.657863
40 0.658005 0.7009 0.657583
41 0.658755 0.714325 0.658209
42 0.65906 0.717475 0.658487
43 0.65916 0.708475 0.658679
44 0.659935 0.704475 0.6595
45 0.659855 0.702525 0.659437
46 0.659565 0.704325 0.659123
47 0.658435 0.704775 0.657973
48 0.65913 0.705675 0.658658
49 0.660295 0.7203 0.65969
50 0.661185 0.7266 0.660537
51 0.661275 0.73315 0.660568
52 0.66111 0.7314 0.660417
53 0.66173 0.73405 0.661023
54 0.662685 0.725075 0.662084
55 0.66364 0.7307 0.662982
56 0.662225 0.72725 0.661589
57 0.660965 0.733875 0.660249
58 0.66036 0.735775 0.659622
59 0.659145 0.7337 0.658417
60 0.65901 0.74365 0.658181
61 0.65843 0.7323 0.657709
62 0.657715 0.72355 0.657075
63 0.65782 0.72345 0.657182
64 0.65792 0.733825 0.657182
65 0.658135 0.7294 0.657436
66 0.65836 0.726675 0.657693
67 0.657245 0.723275 0.656597
68 0.657305 0.7257 0.656627
69 0.65687 0.706975 0.656371
70 0.656475 0.708975 0.655957
71 0.65675 0.718775 0.656141
72 0.65628 0.7213 0.655641
73 0.65651 0.715025 0.655939
74 0.656915 0.7227 0.656268
75 0.657775 0.721425 0.657146
76 0.65717 0.725575 0.656488
77 0.65646 0.729525 0.655732
78 0.65646 0.738575 0.655651
79 0.655015 0.743875 0.654146
80 0.655315 0.73845 0.6545
81 0.65631 0.737 0.655511
82 0.657115 0.735125 0.656351
83 0.657465 0.743375 0.656618
84 0.658035 0.72965 0.657327
85 0.65889 0.724975 0.658243
86 0.65904 0.7332 0.658312
87 0.65901 0.7243 0.658368
88 0.658465 0.7306 0.657759
89 0.65849 0.733925 0.657748
90 0.66022 0.7287 0.659543
91 0.661075 0.724775 0.660441
92 0.660375 0.722625 0.659748
93 0.660045 0.723275 0.659405
94 0.658615 0.729475 0.657897
95 0.65841 0.727225 0.657718
96 0.65786 0.717125 0.657267
97 0.6568 0.713925 0.656233
98 0.656625 0.712625 0.656075
99 0.65794 0.71505 0.657375
100 0.658015 0.715325 0.657438
101 0.658535 0.727675 0.657847
102 0.65884 0.73405 0.65808
103 0.65746 0.7264 0.656763
104 0.656555 0.7316 0.655806
105 0.657395 0.7226 0.656747
106 0.658815 0.72115 0.658191
107 0.659555 0.7256 0.658895
108 0.65956 0.73575 0.658798
109 0.660235 0.736675 0.659479
110 0.661435 0.735825 0.660703
111 0.66094 0.735825 0.660206
112 0.66075 0.736425 0.660014
113 0.66092 0.732775 0.660225
114 0.660435 0.739475 0.659665
115 0.659525 0.735225 0.65879
116 0.659405 0.734025 0.658679
117 0.65831 0.726025 0.657648
118 0.657485 0.7263 0.65681
119 0.657635 0.7327 0.656894
120 0.659935 0.73295 0.659206
121 0.65966 0.73285 0.658935
122 0.65994 0.72415 0.659298
123 0.65981 0.71625 0.659244
124 0.658875 0.72075 0.658249
125 0.65833 0.725475 0.657658
126 0.658675 0.725125 0.658007
127 0.65721 0.7254 0.656537
128 0.655725 0.724975 0.655049
129 0.655675 0.71685 0.655085
130 0.655335 0.7219 0.654691
131 0.656375 0.719 0.655771
132 0.658105 0.72075 0.657497
133 0.65789 0.72525 0.657237
134 0.657035 0.728175 0.656357
135 0.657145 0.721125 0.656533
136 0.6567 0.7172 0.656117
137 0.65677 0.71665 0.656191
138 0.6571 0.728425 0.656411
139 0.657305 0.72705 0.656625
140 0.657035 0.7254 0.65636
141 0.656375 0.734875 0.655601
142 0.656105 0.739275 0.655292
143 0.655815 0.738925 0.654999
144 0.655955 0.73315 0.655193
145 0.655985 0.733075 0.655228
146 0.656905 0.744425 0.65604
147 0.656855 0.74015 0.656032
148 0.657945 0.74155 0.657126
149 0.659155 0.7343 0.658417
150 0.660675 0.72655 0.660034
151 0.66165 0.724775 0.661044
152 0.660735 0.735275 0.660006
153 0.658735 0.720025 0.658142
154 0.659045 0.715575 0.65849
155 0.65891 0.715625 0.658356
156 0.6584 0.72165 0.657774
157 0.658125 0.725275 0.657465
158 0.65752 0.727825 0.65684
159 0.65763 0.73725 0.656864
160 0.658085 0.730375 0.657388
161 0.65846 0.732875 0.657738
162 0.658575 0.735925 0.657822
163 0.65821 0.7194 0.657619
164 0.658205 0.721325 0.657588
165 0.65878 0.722725 0.658146
166 0.658445 0.717275 0.657852
167 0.6586 0.715075 0.658032
168 0.65956 0.72105 0.658943
169 0.65992 0.718175 0.659338
170 0.6596 0.7255 0.658952
171 0.65936 0.7325 0.658633
172 0.65863 0.7338 0.657886
173 0.657155 0.727375 0.656453
174 0.656625 0.73035 0.655893
175 0.656905 0.7313 0.656172
176 0.657665 0.7299 0.656946
177 0.65746 0.741925 0.65663
178 0.65703 0.7464 0.656157
179 0.656525 0.748075 0.655635
180 0.655115 0.739125 0.654295
181 0.65404 0.744225 0.653158
182 0.65249 0.745725 0.651586
183 0.651795 0.743325 0.650904
184 0.652095 0.739925 0.651237
185 0.651275 0.734975 0.650458
186 0.650635 0.7187 0.649971
187 0.65194 0.72775 0.651191
188 0.650615 0.720825 0.649914
189 0.650485 0.7243 0.649752
190 0.650675 0.71545 0.650043
191 0.652415 0.70855 0.651873
192 0.65259 0.707175 0.652064
193 0.650935 0.707525 0.650384
194 0.6493 0.7084 0.64872
195 0.64819 0.712325 0.647557
196 0.648595 0.710475 0.647983
197 0.650355 0.7175 0.649697
198 0.651305 0.722075 0.650607
199 0.651785 0.718225 0.651135
200 0.65145 0.72605 0.650715
