1 0.182535 0.166125 0.182699
2 0.269712 0.259125 0.269811
3 0.34295 0.32385 0.343129
4 0.40055 0.39315 0.400626
5 0.443843 0.4423 0.443862
6 0.472235 0.467975 0.472271
7 0.491927 0.48835 0.491958
8 0.508917 0.511625 0.508883
9 0.52534 0.524475 0.525341
10 0.54142 0.54105 0.54141
11 0.557597 0.5586 0.557585
12 0.572412 0.578275 0.572347
13 0.586623 0.6015 0.586478
14 0.59952 0.60365 0.599478
15 0.611387 0.626425 0.611229
16 0.619775 0.629775 0.619665
17 0.627547 0.633125 0.627486
18 0.631765 0.64595 0.631616
19 0.636455 0.649525 0.636321
20 0.641282 0.66285 0.641063
21 0.644693 0.67115 0.644417
22 0.648765 0.67575 0.648476
23 0.652967 0.6907 0.652575
24 0.655607 0.694875 0.655208
25 0.656495 0.702325 0.656032
26 0.657065 0.710025 0.656536
27 0.657445 0.716475 0.656858
28 0.657418 0.71 0.656889
29 0.65869 0.710625 0.658167
30 0.659153 0.7137 0.658606
31 0.659605 0.703525 0.659159
32 0.660088 0.706675 0.659618
33 0.660417 0.7067 0.659957
34 0.660287 0.702075 0.659875
35 0.660157 0.696775 0.659791
36 0.661267 0.70725 0.660805
37 0.662183 0.7153 0.661648
38 0.661802 0.72595 0.661171
39 0.659977 0.70795 0.659509
40 0.660253 0.701075 0.659852
41 0.661038 0.706175 0.660597
42 0.661735 0.699575 0.661366
43 0.662707 0.716325 0.662175
44 0.663647 0.717475 0.663109
45 0.663863 0.714625 0.663352
46 0.665165 0.717925 0.664635
47 0.665758 0.7146 0.665265
48 0.66543 0.717 0.664915
49 0.663977 0.7162 0.663454
50 0.664365 0.710775 0.6639
51 0.664525 0.701425 0.664155
52 0.665473 0.6984 0.665143
53 0.665195 0.701175 0.664835
54 0.665712 0.708525 0.665284
55 0.665395 0.70985 0.664951
56 0.666045 0.71015 0.665607
57 0.666258 0.716275 0.665759
58 0.665677 0.723775 0.665096
59 0.665233 0.718075 0.664701
60 0.66541 0.713325 0.664925
61 0.66727 0.73455 0.666603
62 0.667758 0.74335 0.667006
63 0.667742 0.738025 0.667049
64 0.668913 0.746575 0.668147
65 0.669952 0.749475 0.669176
66 0.668815 0.73305 0.668185
67 0.6681 0.719975 0.667589
68 0.668578 0.718575 0.668079
69 0.66973 0.711 0.669315
70 0.670162 0.713575 0.669726
71 0.671285 0.711675 0.67087
72 0.672015 0.717675 0.671552
73 0.672667 0.71125 0.672283
74 0.673065 0.7193 0.672605
75 0.672915 0.71485 0.672504
76 0.67229 0.725175 0.671768
77 0.672188 0.716225 0.67175
78 0.671065 0.7089 0.670685
79 0.671125 0.71355 0.670695
80 0.670567 0.71525 0.670122
81 0.670763 0.709625 0.670376
82 0.670295 0.709 0.669903
83 0.671105 0.708975 0.670724
84 0.671613 0.729025 0.671045
85 0.671547 0.7158 0.671109
86 0.6709 0.70425 0.670564
87 0.669317 0.7004 0.669004
88 0.668408 0.714225 0.667947
89 0.667895 0.70595 0.667514
90 0.667305 0.703375 0.666945
91 0.6658 0.70385 0.665421
92 0.66463 0.70825 0.664192
93 0.663462 0.707725 0.663018
94 0.66361 0.699775 0.663247
95 0.663542 0.703175 0.663148
96 0.664465 0.7094 0.664014
97 0.66553 0.713525 0.665049
98 0.668302 0.708425 0.667902
99 0.669675 0.702775 0.669342
100 0.670045 0.700525 0.669741
101 0.670538 0.704025 0.670206
102 0.670457 0.691175 0.67025
103 0.670935 0.695075 0.670706
104 0.671978 0.70225 0.671692
105 0.673115 0.70455 0.672816
106 0.672355 0.6896 0.672198
107 0.670273 0.706475 0.669923
108 0.66811 0.711425 0.667686
109 0.667068 0.700325 0.66674
110 0.666732 0.7114 0.666295
111 0.666075 0.710475 0.665633
112 0.665805 0.7122 0.665342
113 0.66478 0.71655 0.664271
114 0.66479 0.711075 0.664332
115 0.665093 0.7045 0.664697
116 0.666392 0.7082 0.665977
117 0.66688 0.7133 0.666421
118 0.668107 0.715475 0.667641
119 0.668345 0.7158 0.667882
120 0.668807 0.7091 0.668413
121 0.668345 0.7247 0.667793
122 0.669295 0.720775 0.668796
123 0.670388 0.7217 0.669883
124 0.671218 0.7253 0.670686
125 0.672372 0.7292 0.671814
126 0.672658 0.729975 0.672089
127 0.67268 0.722725 0.672184
128 0.673455 0.729375 0.672902
129 0.67414 0.725175 0.673633
130 0.674165 0.7211 0.673697
131 0.673038 0.71575 0.672611
132 0.670865 0.7151 0.670425
133 0.669042 0.724825 0.668487
134 0.668615 0.73555 0.667955
135 0.6687 0.728225 0.66811
136 0.66797 0.7211 0.66744
137 0.666862 0.719775 0.666341
138 0.667455 0.714775 0.666993
139 0.668958 0.7083 0.668576
140 0.670502 0.709325 0.670122
141 0.672133 0.7124 0.671736
142 0.67378 0.72065 0.673314
143 0.673453 0.718725 0.673006
144 0.672675 0.720725 0.6722
145 0.671763 0.71325 0.671351
146 0.670143 0.70795 0.669771
147 0.670915 0.70795 0.670552
148 0.671915 0.7068 0.671564
149 0.671348 0.71545 0.670909
150 0.67047 0.7246 0.669928
151 0.669102 0.719475 0.668595
152 0.668982 0.713425 0.668538
153 0.66737 0.702375 0.667014
154 0.666675 0.709475 0.666251
155 0.665783 0.70125 0.665426
156 0.666863 0.710925 0.666415
157 0.66743 0.704675 0.667046
158 0.66913 0.69895 0.668814
159 0.670147 0.683025 0.67001
160 0.670462 0.68985 0.670257
161 0.66981 0.70725 0.669434
162 0.669708 0.71925 0.669214
163 0.66978 0.7338 0.669151
164 0.66982 0.729475 0.669236
165 0.669245 0.7288 0.668669
166 0.668807 0.732575 0.668183
167 0.66839 0.7337 0.66775
168 0.66717 0.73415 0.666504
169 0.66645 0.72985 0.66582
170 0.66735 0.720475 0.666824
171 0.668998 0.718625 0.668507
172 0.670945 0.725175 0.670403
173 0.670208 0.7075 0.669831
174 0.67014 0.72005 0.669654
175 0.669568 0.72465 0.669033
176 0.668318 0.71495 0.667859
177 0.668835 0.71085 0.668424
178 0.66968 0.71 0.669289
179 0.66907 0.713325 0.668632
180 0.668948 0.709075 0.668545
181 0.66832 0.7176 0.667827
182 0.668727 0.7188 0.66823
183 0.669435 0.72245 0.6689
184 0.670355 0.722125 0.66983
185 0.671098 0.722375 0.670582
186 0.67184 0.71605 0.671398
187 0.670705 0.708075 0.670332
188 0.670035 0.715475 0.669586
189 0.669755 0.713375 0.669323
190 0.669663 0.70695 0.669305
191 0.670662 0.7095 0.670286
192 0.671297 0.7162 0.670852
193 0.670878 0.7097 0.670491
194 0.670205 0.71805 0.66972
195 0.66976 0.714325 0.669316
196 0.66973 0.70675 0.669363
197 0.67009 0.70865 0.669712
198 0.671533 0.7196 0.671049
199 0.67084 0.726925 0.670277
200 0.671057 0.732125 0.670439
