1 0.181635 0.18245 0.181636
2 0.266755 0.27685 0.266667
3 0.339025 0.38845 0.338544
4 0.399455 0.46245 0.398829
5 0.4454 0.494675 0.444909
6 0.4785 0.5115 0.478169
7 0.50122 0.521975 0.501021
8 0.516835 0.5273 0.516738
9 0.531465 0.539425 0.531392
10 0.54743 0.560025 0.547315
11 0.56293 0.574225 0.562828
12 0.57701 0.58295 0.576966
13 0.590155 0.602425 0.590044
14 0.60163 0.619925 0.601456
15 0.61065 0.631275 0.610444
16 0.618405 0.639125 0.618198
17 0.625105 0.65595 0.624796
18 0.630165 0.666275 0.629807
19 0.63386 0.674675 0.633462
20 0.637505 0.663425 0.637257
21 0.64183 0.673725 0.641521
22 0.64577 0.6844 0.645388
23 0.649535 0.682675 0.649203
24 0.651895 0.70725 0.651338
25 0.65278 0.71745 0.65213
26 0.654475 0.721125 0.653805
27 0.65604 0.724 0.655357
28 0.65647 0.7152 0.655884
29 0.65695 0.716025 0.656363
30 0.65768 0.7148 0.657111
31 0.658445 0.718675 0.657851
32 0.658025 0.7095 0.657513
33 0.657515 0.70995 0.656994
34 0.65705 0.699 0.656632
35 0.6579 0.70285 0.657458
36 0.659005 0.702825 0.65858
37 0.65911 0.704325 0.658677
38 0.65912 0.702475 0.658699
39 0.65967 0.6973 0.659308
40 0.65954 0.689125 0.659256
41 0.659645 0.695325 0.659302
42 0.659695 0.7007 0.659291
43 0.660595 0.7097 0.660109
44 0.661015 0.719125 0.660432
45 0.66006 0.728425 0.659375
46 0.6604 0.745525 0.659548
47 0.660185 0.730975 0.659484
48 0.66006 0.725175 0.659424
49 0.65969 0.7377 0.658923
50 0.65925 0.72295 0.658626
51 0.660335 0.713075 0.659819
52 0.661455 0.70655 0.661021
53 0.660525 0.713875 0.660004
54 0.660145 0.714925 0.65961
55 0.659685 0.715675 0.659132
56 0.659445 0.702075 0.659018
57 0.659345 0.7087 0.658851
58 0.65875 0.71805 0.658156
59 0.657985 0.710525 0.657457
60 0.65772 0.703475 0.657262
61 0.657305 0.699725 0.65688
62 0.656765 0.7029 0.656303
63 0.6565 0.699925 0.656068
64 0.655535 0.712725 0.654973
65 0.65612 0.700325 0.655684
66 0.656095 0.683475 0.655827
67 0.657115 0.6817 0.656871
68 0.657415 0.68105 0.657184
69 0.65895 0.685 0.658701
70 0.658865 0.686325 0.658598
71 0.659545 0.6911 0.659229
72 0.6606 0.707025 0.660126
73 0.660335 0.709625 0.659838
74 0.66127 0.7086 0.6608
75 0.661435 0.71455 0.660909
76 0.661485 0.7212 0.6609
77 0.66135 0.705575 0.660924
78 0.661855 0.705275 0.661431
79 0.66133 0.7278 0.660671
80 0.661715 0.718775 0.661152
81 0.660335 0.706825 0.659879
82 0.659235 0.712225 0.658715
83 0.6606 0.706925 0.66014
84 0.6614 0.712975 0.660884
85 0.661215 0.7059 0.660765
86 0.660775 0.70585 0.660319
87 0.66157 0.7116 0.661063
88 0.660445 0.723925 0.659802
89 0.65991 0.72495 0.659266
90 0.660195 0.7301 0.659507
91 0.661045 0.733625 0.660334
92 0.661655 0.7235 0.661054
93 0.66283 0.72725 0.662197
94 0.662935 0.726075 0.662315
95 0.66231 0.742675 0.661519
96 0.66183 0.7331 0.661123
97 0.66129 0.722 0.660687
98 0.659705 0.711025 0.659196
99 0.65911 0.708025 0.658626
100 0.66044 0.724275 0.659807
101 0.661525 0.72035 0.660941
102 0.662625 0.7182 0.662081
103 0.663145 0.713725 0.662652
104 0.662775 0.711675 0.662302
105 0.66283 0.715625 0.662317
106 0.663085 0.70865 0.662645
107 0.663595 0.705875 0.663189
108 0.664015 0.714075 0.663529
109 0.664095 0.717475 0.663571
110 0.66465 0.7111 0.664192
111 0.66516 0.7195 0.664618
112 0.66465 0.71875 0.664116
113 0.663825 0.714425 0.66332
114 0.663495 0.705575 0.663074
115 0.66364 0.699375 0.66328
116 0.66386 0.703875 0.663457
117 0.664105 0.706225 0.663695
118 0.663705 0.72105 0.663148
119 0.663925 0.713575 0.66344
120 0.663765 0.71475 0.663263
121 0.66272 0.7179 0.662181
122 0.662125 0.7215 0.66154
123 0.662575 0.73055 0.661903
124 0.661645 0.735025 0.660916
125 0.659885 0.741 0.659071
126 0.660075 0.737425 0.659301
127 0.6599 0.72685 0.659231
128 0.660245 0.716275 0.659678
129 0.66012 0.7109 0.659602
130 0.659015 0.6954 0.658639
131 0.657545 0.7018 0.657084
132 0.65627 0.7019 0.655792
133 0.657565 0.705525 0.65707
134 0.65804 0.716475 0.657437
135 0.659245 0.719225 0.658634
136 0.66059 0.701625 0.660173
137 0.661745 0.697975 0.661374
138 0.66231 0.69865 0.661933
139 0.661825 0.703725 0.661394
140 0.661965 0.70375 0.661544
141 0.661395 0.69075 0.661096
142 0.66262 0.714925 0.662097
143 0.662345 0.712625 0.661845
144 0.66283 0.724575 0.66222
145 0.662805 0.717125 0.662275
146 0.66122 0.7205 0.660636
147 0.662545 0.7204 0.661982
148 0.662185 0.714075 0.66168
149 0.66143 0.705875 0.660999
150 0.66185 0.69455 0.661534
151 0.66229 0.692075 0.661998
152 0.66289 0.70665 0.662453
153 0.66357 0.698725 0.66322
154 0.664765 0.716325 0.664253
155 0.66517 0.71295 0.664691
156 0.66408 0.70975 0.663615
157 0.665665 0.71485 0.665167
158 0.665535 0.70775 0.665107
159 0.66542 0.71455 0.664924
160 0.665695 0.7144 0.665202
161 0.66595 0.69615 0.665635
162 0.66678 0.694025 0.666493
163 0.66812 0.70605 0.66773
164 0.66899 0.708425 0.668595
165 0.668145 0.70625 0.667768
166 0.66635 0.711325 0.665912
167 0.664175 0.709025 0.663741
168 0.662875 0.708825 0.66243
169 0.661975 0.713325 0.661476
170 0.660635 0.7128 0.660125
171 0.66122 0.7133 0.660711
172 0.66047 0.721875 0.65987
173 0.661105 0.7204 0.660521
174 0.66039 0.723925 0.65976
175 0.65925 0.7182 0.658665
176 0.65943 0.72105 0.658821
177 0.659215 0.717875 0.658629
178 0.6592 0.722025 0.658571
179 0.65921 0.715825 0.658642
180 0.65923 0.719875 0.658625
181 0.658885 0.723325 0.658239
182 0.6583 0.7111 0.65777
183 0.66016 0.711125 0.659649
184 0.66053 0.70765 0.660055
185 0.659975 0.709075 0.659487
186 0.660065 0.714925 0.659521
187 0.65919 0.70805 0.658699
188 0.659845 0.711225 0.659323
189 0.66061 0.7043 0.660169
190 0.66063 0.699875 0.660236
191 0.661185 0.70525 0.660743
192 0.65998 0.70465 0.659535
193 0.65995 0.7031 0.659521
194 0.65814 0.7117 0.657609
195 0.658255 0.7157 0.657688
196 0.658585 0.72525 0.657924
197 0.657625 0.723975 0.656972
198 0.65758 0.719575 0.65697
199 0.657125 0.709575 0.656605
200 0.65743 0.70395 0.656966
