1 0.18422 0.1957 0.184103
2 0.2711 0.28825 0.270936
3 0.34482 0.34715 0.344802
4 0.40332 0.395325 0.403404
5 0.446475 0.44135 0.446536
6 0.477725 0.4609 0.477896
7 0.50022 0.48815 0.500339
8 0.516445 0.489075 0.516716
9 0.531005 0.518925 0.531124
10 0.545515 0.531475 0.545664
11 0.561485 0.551875 0.561588
12 0.57667 0.58875 0.576548
13 0.592385 0.606675 0.592238
14 0.60793 0.623425 0.607767
15 0.62155 0.629675 0.621466
16 0.63307 0.634225 0.63305
17 0.64221 0.63675 0.64226
18 0.64881 0.64935 0.648804
19 0.654205 0.648975 0.654251
20 0.65765 0.6614 0.657603
21 0.660115 0.659825 0.660124
22 0.663455 0.6712 0.663378
23 0.666565 0.680075 0.666428
24 0.668185 0.676375 0.668101
25 0.66789 0.658425 0.667982
26 0.667825 0.658325 0.667922
27 0.668535 0.6576 0.668647
28 0.67027 0.6594 0.670382
29 0.67105 0.666525 0.671101
30 0.672495 0.6786 0.672443
31 0.67237 0.688825 0.672217
32 0.67254 0.677775 0.672497
33 0.671995 0.675775 0.671962
34 0.67118 0.674175 0.671154
35 0.67182 0.662525 0.671914
36 0.672225 0.669575 0.67225
37 0.67228 0.665575 0.672342
38 0.672575 0.68265 0.672471
39 0.673635 0.6791 0.673573
40 0.674175 0.667025 0.674247
41 0.67544 0.656275 0.67563
42 0.675985 0.658925 0.676151
43 0.67492 0.653275 0.675129
44 0.67603 0.660325 0.676189
45 0.675505 0.670175 0.67556
46 0.67575 0.682475 0.675681
47 0.675575 0.677425 0.675559
48 0.67503 0.695375 0.674826
49 0.673195 0.6919 0.673013
50 0.67275 0.694025 0.672544
51 0.672025 0.6964 0.671782
52 0.673005 0.6957 0.672771
53 0.67432 0.677175 0.674284
54 0.674305 0.6727 0.674311
55 0.67363 0.67065 0.673644
56 0.673345 0.681775 0.673265
57 0.67388 0.67145 0.673913
58 0.67255 0.6665 0.672624
59 0.67222 0.666 0.672288
60 0.67246 0.6729 0.672457
61 0.672325 0.670825 0.672337
62 0.67235 0.6633 0.672438
63 0.67333 0.662325 0.67343
64 0.67443 0.676125 0.674417
65 0.673645 0.67615 0.673621
66 0.673925 0.685025 0.673817
67 0.672595 0.68145 0.672514
68 0.672475 0.675875 0.672456
69 0.671925 0.6621 0.672035
70 0.67094 0.668375 0.670975
71 0.669915 0.673125 0.66989
72 0.67022 0.6836 0.670094
73 0.670105 0.6859 0.669947
74 0.668675 0.68515 0.668503
75 0.66863 0.676975 0.668551
76 0.668355 0.6806 0.668233
77 0.668665 0.67705 0.668581
78 0.667585 0.67465 0.667514
79 0.66632 0.67085 0.666277
80 0.667175 0.67705 0.667077
81 0.66769 0.677925 0.667594
82 0.668595 0.676125 0.668521
83 0.66934 0.670125 0.669333
84 0.669975 0.67255 0.669952
85 0.670605 0.67515 0.670554
86 0.670605 0.67155 0.670587
87 0.671115 0.67185 0.671101
88 0.671355 0.6805 0.671264
89 0.670075 0.684525 0.669932
90 0.669475 0.67575 0.669411
91 0.669455 0.666325 0.669484
92 0.67019 0.6639 0.670254
93 0.67022 0.67075 0.670214
94 0.670935 0.682075 0.67082
95 0.671405 0.6768 0.671358
96 0.67103 0.677625 0.670967
97 0.671295 0.67285 0.671276
98 0.671355 0.673025 0.671334
99 0.67093 0.68 0.670848
100 0.671435 0.680925 0.671343
101 0.6732 0.68095 0.673129
102 0.672945 0.686625 0.672819
103 0.67305 0.681625 0.672974
104 0.67292 0.6844 0.672818
105 0.673685 0.68125 0.673619
106 0.67439 0.692025 0.674218
107 0.675325 0.69355 0.67515
108 0.675575 0.689325 0.675446
109 0.676535 0.6839 0.67647
110 0.67684 0.692375 0.67669
111 0.6766 0.6899 0.676466
112 0.67678 0.68075 0.676739
113 0.67699 0.689425 0.676868
114 0.676405 0.70165 0.676156
115 0.67513 0.695925 0.67493
116 0.674045 0.674625 0.674042
117 0.67252 0.662725 0.672618
118 0.669995 0.6698 0.670005
119 0.67009 0.663775 0.670154
120 0.67051 0.657575 0.670642
121 0.671305 0.66715 0.671355
122 0.67107 0.666825 0.671122
123 0.671045 0.670625 0.671057
124 0.671735 0.680375 0.67165
125 0.67147 0.6829 0.671366
126 0.672155 0.6987 0.67189
127 0.67282 0.692975 0.672618
128 0.672855 0.6965 0.672624
129 0.67443 0.689525 0.674285
130 0.675235 0.68165 0.67517
131 0.675195 0.675 0.675195
132 0.674555 0.668375 0.674615
133 0.67407 0.666775 0.674154
134 0.67303 0.6616 0.673151
135 0.67247 0.6545 0.672654
136 0.67247 0.662575 0.672568
137 0.67221 0.6633 0.672296
138 0.671385 0.655625 0.671537
139 0.671765 0.658275 0.671891
140 0.67128 0.65645 0.671416
141 0.67142 0.654825 0.671572
142 0.672045 0.6732 0.672025
143 0.673395 0.664575 0.673472
144 0.6739 0.66285 0.673998
145 0.674625 0.670325 0.674662
146 0.674305 0.66905 0.674357
147 0.67329 0.67345 0.673291
148 0.671675 0.66245 0.671769
149 0.669675 0.6663 0.669721
150 0.668935 0.676125 0.668872
151 0.66788 0.6757 0.667811
152 0.668865 0.684975 0.668721
153 0.669965 0.687125 0.669808
154 0.671 0.67925 0.670928
155 0.67205 0.670325 0.672073
156 0.6721 0.656025 0.672263
157 0.67103 0.666025 0.671084
158 0.6698 0.67865 0.669717
159 0.66801 0.6649 0.668042
160 0.66628 0.66085 0.666335
161 0.666365 0.654125 0.666485
162 0.666215 0.656925 0.666308
163 0.666775 0.650525 0.666932
164 0.668165 0.665125 0.6682
165 0.66873 0.68045 0.668612
166 0.66885 0.68735 0.66866
167 0.66872 0.682375 0.668577
168 0.66757 0.6851 0.667393
169 0.66741 0.678925 0.66729
170 0.66792 0.676575 0.667825
171 0.66842 0.6791 0.668311
172 0.66666 0.6792 0.666536
173 0.66576 0.67625 0.665662
174 0.6664 0.67395 0.666331
175 0.66624 0.675625 0.666151
176 0.666525 0.662725 0.66657
177 0.66673 0.674225 0.666658
178 0.66843 0.6832 0.668286
179 0.669665 0.6792 0.669571
180 0.67086 0.6892 0.670676
181 0.67182 0.6862 0.671671
182 0.67382 0.6842 0.673714
183 0.67464 0.688325 0.674504
184 0.67406 0.689125 0.673919
185 0.674735 0.67755 0.674711
186 0.674515 0.668775 0.674573
187 0.673145 0.671625 0.673164
188 0.672345 0.682975 0.672237
189 0.670345 0.674575 0.670306
190 0.6708 0.674175 0.670765
191 0.67002 0.6836 0.66989
192 0.67001 0.6887 0.669825
193 0.670855 0.687025 0.670689
194 0.67244 0.694675 0.672218
195 0.673665 0.685375 0.673544
196 0.67466 0.686075 0.674542
197 0.675755 0.679725 0.675713
198 0.676935 0.6767 0.676939
199 0.676975 0.673125 0.677009
200 0.67649 0.6728 0.676521
