1 0.144351
2 0.182381
3 0.198273
4 0.200552
5 0.195591
6 0.18749
7 0.178947
8 0.170882
9 0.163531
10 0.156911
11 0.149413
12 0.141355
13 0.132952
14 0.125184
15 0.117651
16 0.111457
17 0.106114
18 0.101541
19 0.0974575
20 0.0944529
21 0.0923074
22 0.0906727
23 0.0882483
24 0.0865239
25 0.0848136
26 0.0842261
27 0.083415
28 0.0823826
29 0.081558
30 0.0816783
31 0.0812942
32 0.0817133
33 0.0810763
34 0.0820739
35 0.0825846
36 0.0834826
37 0.0843412
38 0.0851042
39 0.0852868
40 0.0848145
41 0.085645
42 0.0853409
43 0.084893
44 0.0842113
45 0.0840006
46 0.0832892
47 0.0829305
48 0.0828663
49 0.0833532
50 0.0838843
51 0.0838513
52 0.0834103
53 0.0828012
54 0.0828333
55 0.0826278
56 0.0830778
57 0.0831631
58 0.0826731
59 0.0823452
60 0.082645
61 0.0828439
62 0.082832
63 0.0833367
64 0.083068
65 0.0837402
66 0.0837371
67 0.0833753
68 0.0824652
69 0.0815176
70 0.0810422
71 0.0804994
72 0.0805078
73 0.0805113
74 0.0807049
75 0.0806787
76 0.0816967
77 0.0818681
78 0.0820567
79 0.0812783
80 0.0805371
81 0.0800339
82 0.0801249
83 0.0800548
84 0.0798181
85 0.0802167
86 0.0803198
87 0.0800953
88 0.0794152
89 0.0789805
90 0.0786078
91 0.0792381
92 0.0800643
93 0.0810184
94 0.0822214
95 0.0826034
96 0.0828131
97 0.0830298
98 0.0835355
99 0.0833103
100 0.0831401
101 0.0833651
102 0.0833364
103 0.0836591
104 0.0833524
105 0.0825716
106 0.0824782
107 0.0821549
108 0.0821774
109 0.0817589
110 0.0818568
111 0.0815564
112 0.0816142
113 0.0818546
114 0.0819193
115 0.0819694
116 0.0822834
117 0.0818895
118 0.0820823
119 0.082328
120 0.0826294
121 0.0826879
122 0.0823726
123 0.0818748
124 0.0814445
125 0.0806523
126 0.0805737
127 0.0805916
128 0.0814583
129 0.0817238
130 0.0823276
131 0.0821887
132 0.0828073
133 0.0830059
134 0.0823727
135 0.0818465
136 0.0814373
137 0.0821517
138 0.0823758
139 0.0819151
140 0.082104
141 0.0817853
142 0.081447
143 0.0816237
144 0.0819944
145 0.082708
146 0.0829547
147 0.0832502
148 0.0836022
149 0.0845571
150 0.0845481
151 0.0845669
152 0.084199
153 0.0834914
154 0.0828749
155 0.0817055
156 0.0805766
157 0.0795922
158 0.0793856
159 0.0789638
160 0.0784877
161 0.0782029
162 0.0784476
163 0.0793701
164 0.0804679
165 0.0813473
166 0.0822098
167 0.0830937
168 0.0836942
169 0.0846369
170 0.0852405
171 0.0851482
172 0.0847625
173 0.0844424
174 0.0832595
175 0.0821166
176 0.081394
177 0.0812927
178 0.0809819
179 0.0809746
180 0.0805933
181 0.080605
182 0.0802746
183 0.0807159
184 0.0812241
185 0.0812158
186 0.0808382
187 0.0812322
188 0.0809638
189 0.0804055
190 0.0802308
191 0.0799311
192 0.0803922
193 0.0808024
194 0.0811364
195 0.0818308
196 0.0822565
197 0.0823343
198 0.0822112
199 0.0814506
200 0.0812569
