1 0.14447
2 0.183272
3 0.200449
4 0.203593
5 0.198291
6 0.189041
7 0.179477
8 0.17057
9 0.162683
10 0.154726
11 0.146075
12 0.137869
13 0.13013
14 0.123166
15 0.117555
16 0.113018
17 0.108933
18 0.105439
19 0.102618
20 0.100439
21 0.0988252
22 0.0963259
23 0.0943016
24 0.0914689
25 0.0893651
26 0.0871869
27 0.0858096
28 0.084329
29 0.0825325
30 0.0816736
31 0.0819993
32 0.0823351
33 0.0820083
34 0.0815306
35 0.0808013
36 0.0798184
37 0.0795014
38 0.078526
39 0.0784769
40 0.0777303
41 0.0776143
42 0.0777079
43 0.0777004
44 0.0773889
45 0.077116
46 0.0769647
47 0.0769249
48 0.0773183
49 0.0773282
50 0.077252
51 0.0769745
52 0.0764406
53 0.075842
54 0.0760697
55 0.0765716
56 0.077265
57 0.0775109
58 0.0779755
59 0.0786483
60 0.079193
61 0.0783596
62 0.0783218
63 0.0781856
64 0.0781301
65 0.0777808
66 0.0777857
67 0.078166
68 0.0781077
69 0.077994
70 0.0780478
71 0.0786766
72 0.0793419
73 0.0792074
74 0.0793879
75 0.078467
76 0.0779476
77 0.0783021
78 0.078376
79 0.0791252
80 0.0793747
81 0.0790975
82 0.0792317
83 0.0789576
84 0.0791125
85 0.0786601
86 0.0786172
87 0.0786551
88 0.0778878
89 0.0775966
90 0.0776505
91 0.0780069
92 0.0779887
93 0.0777524
94 0.0784048
95 0.0788191
96 0.079316
97 0.0793748
98 0.0795121
99 0.0794093
100 0.0787994
101 0.0790911
102 0.0790868
103 0.0781472
104 0.0778509
105 0.0769157
106 0.0757412
107 0.0758613
108 0.0757293
109 0.075903
110 0.07619
111 0.0767207
112 0.0768662
113 0.0770244
114 0.0774201
115 0.0774054
116 0.0774637
117 0.0775546
118 0.0773783
119 0.0771418
120 0.0766875
121 0.0769068
122 0.0770595
123 0.0773592
124 0.0773166
125 0.0769209
126 0.0764445
127 0.0765347
128 0.0768767
129 0.0766582
130 0.0768298
131 0.0765732
132 0.0763109
133 0.076407
134 0.0764523
135 0.0764373
136 0.076506
137 0.0764866
138 0.0767144
139 0.0765926
140 0.0771944
141 0.0777843
142 0.0781895
143 0.0792423
144 0.0794578
145 0.0790522
146 0.0785673
147 0.0785884
148 0.0780041
149 0.0774789
150 0.0769189
151 0.0772234
152 0.0776763
153 0.07839
154 0.0784785
155 0.0784452
156 0.0785164
157 0.0783169
158 0.078529
159 0.0784096
160 0.0783377
161 0.078524
162 0.0783959
163 0.0777695
164 0.0773614
165 0.0765154
166 0.0763469
167 0.0764309
168 0.0759897
169 0.0755909
170 0.07587
171 0.0764223
172 0.0760277
173 0.0763363
174 0.07622
175 0.0765774
176 0.076916
177 0.0774627
178 0.0770555
179 0.0772916
180 0.0773295
181 0.0775898
182 0.0782076
183 0.0779906
184 0.0782272
185 0.0779047
186 0.0776422
187 0.0782706
188 0.0782739
189 0.07799
190 0.0778324
191 0.0771592
192 0.0768913
193 0.0765818
194 0.076246
195 0.0759984
196 0.0759072
197 0.0759363
198 0.0757793
199 0.0766442
200 0.0773304
