1 0.145251
2 0.183997
3 0.201243
4 0.203889
5 0.19809
6 0.188726
7 0.178881
8 0.169142
9 0.160538
10 0.152111
11 0.143234
12 0.134404
13 0.125348
14 0.11629
15 0.108098
16 0.101061
17 0.0957123
18 0.0914898
19 0.0885452
20 0.086029
21 0.0834905
22 0.0809445
23 0.0796063
24 0.0782053
25 0.0772518
26 0.0762964
27 0.0760638
28 0.0755594
29 0.0742358
30 0.073457
31 0.0725128
32 0.0721092
33 0.0722798
34 0.0726649
35 0.0726519
36 0.0730334
37 0.0738014
38 0.0742908
39 0.0745637
40 0.0743847
41 0.0743517
42 0.0743273
43 0.0736385
44 0.0737305
45 0.0730376
46 0.0727088
47 0.0720113
48 0.0712907
49 0.070244
50 0.0698326
51 0.0697301
52 0.069599
53 0.0694521
54 0.0694294
55 0.0698093
56 0.0696459
57 0.0701103
58 0.0699176
59 0.0700869
60 0.0691389
61 0.0690532
62 0.069273
63 0.069793
64 0.0706366
65 0.0704874
66 0.0710477
67 0.0720732
68 0.0728577
69 0.0739279
70 0.0739794
71 0.0741217
72 0.0745949
73 0.0743522
74 0.074379
75 0.074546
76 0.0745669
77 0.0749358
78 0.0748371
79 0.0745704
80 0.074293
81 0.0743
82 0.0748296
83 0.0750864
84 0.0752375
85 0.0748534
86 0.0747835
87 0.0746317
88 0.0738531
89 0.0728777
90 0.0728518
91 0.0730542
92 0.072983
93 0.0737375
94 0.0738543
95 0.0735142
96 0.0734271
97 0.0734522
98 0.0734838
99 0.0728963
100 0.073163
101 0.0734077
102 0.0732133
103 0.0732013
104 0.0733314
105 0.0727086
106 0.0722053
107 0.0710455
108 0.0707032
109 0.0698681
110 0.0695137
111 0.0696987
112 0.069841
113 0.0702635
114 0.0706644
115 0.07151
116 0.0722266
117 0.073151
118 0.0733228
119 0.0736154
120 0.0733844
121 0.0739141
122 0.0737857
123 0.0733999
124 0.0733341
125 0.0734047
126 0.0727752
127 0.0712936
128 0.0710241
129 0.0702803
130 0.0702859
131 0.0698849
132 0.0706019
133 0.0713442
134 0.0715341
135 0.0715109
136 0.071842
137 0.0720955
138 0.0732288
139 0.0736941
140 0.0743542
141 0.0747735
142 0.0753665
143 0.0750639
144 0.0741991
145 0.0728109
146 0.0722869
147 0.0720025
148 0.0716159
149 0.0724084
150 0.0727483
151 0.0729253
152 0.0729827
153 0.0739891
154 0.0750422
155 0.0759242
156 0.0768379
157 0.0770544
158 0.0774872
159 0.0777503
160 0.0771718
161 0.0766966
162 0.075683
163 0.0753915
164 0.0746522
165 0.0742328
166 0.0743426
167 0.0740497
168 0.0735733
169 0.0730288
170 0.0732708
171 0.0732408
172 0.0732364
173 0.072775
174 0.0730839
175 0.0730083
176 0.0734234
177 0.0732631
178 0.0732962
179 0.0724314
180 0.0718147
181 0.0716094
182 0.0716403
183 0.0719292
184 0.0716069
185 0.0715314
186 0.0718913
187 0.0722819
188 0.0725234
189 0.073335
190 0.0736091
191 0.0746492
192 0.0750644
193 0.0754797
194 0.0752
195 0.0754081
196 0.0753585
197 0.0751007
198 0.0744073
199 0.072969
200 0.0726416
