1 0.144045
2 0.182695
3 0.200332
4 0.203753
5 0.198191
6 0.188696
7 0.178602
8 0.169748
9 0.161806
10 0.153368
11 0.144465
12 0.135772
13 0.128017
14 0.120437
15 0.113912
16 0.108752
17 0.104824
18 0.101837
19 0.0999474
20 0.0981687
21 0.0958304
22 0.0929281
23 0.0908263
24 0.0886358
25 0.0874269
26 0.0860419
27 0.0845514
28 0.0833129
29 0.0826646
30 0.0819272
31 0.0813275
32 0.0809617
33 0.0808145
34 0.0812057
35 0.0809774
36 0.0807773
37 0.080933
38 0.081086
39 0.0805986
40 0.0803522
41 0.0799792
42 0.0797225
43 0.0796454
44 0.0794812
45 0.0798139
46 0.0797123
47 0.0802271
48 0.0801849
49 0.0798971
50 0.0799453
51 0.0795157
52 0.0788433
53 0.0790908
54 0.0791188
55 0.0795071
56 0.0795162
57 0.0795816
58 0.0796376
59 0.0799201
60 0.0801628
61 0.0806974
62 0.0813182
63 0.0817808
64 0.082385
65 0.0823293
66 0.0822179
67 0.0819427
68 0.0820862
69 0.0814726
70 0.0810151
71 0.0806906
72 0.0801365
73 0.0802573
74 0.0796206
75 0.0792225
76 0.0789163
77 0.0789537
78 0.0790746
79 0.0791279
80 0.0786584
81 0.0791446
82 0.0793335
83 0.0789526
84 0.0789404
85 0.0789619
86 0.0790523
87 0.0789063
88 0.079326
89 0.0792138
90 0.0788811
91 0.0785478
92 0.0781118
93 0.0779544
94 0.07792
95 0.078187
96 0.0784674
97 0.0785521
98 0.0796094
99 0.0803324
100 0.0800237
101 0.0795878
102 0.0790107
103 0.0786365
104 0.0782383
105 0.0780052
106 0.0775432
107 0.0771512
108 0.0772542
109 0.0774735
110 0.0769368
111 0.076637
112 0.0766074
113 0.0767831
114 0.0772567
115 0.0774915
116 0.0777589
117 0.0775459
118 0.0778174
119 0.0777385
120 0.0776304
121 0.0782721
122 0.0784966
123 0.0782071
124 0.0787979
125 0.0798028
126 0.0798229
127 0.0799404
128 0.0797412
129 0.0801283
130 0.080282
131 0.0809242
132 0.0815102
133 0.080989
134 0.08118
135 0.0807099
136 0.0802586
137 0.0795855
138 0.0795141
139 0.0798352
140 0.0794887
141 0.0792852
142 0.0787266
143 0.0786601
144 0.0788797
145 0.079086
146 0.0796366
147 0.0792098
148 0.0791896
149 0.0791797
150 0.0788638
151 0.0788913
152 0.0789954
153 0.0785999
154 0.0780589
155 0.0780949
156 0.0783392
157 0.077932
158 0.0778811
159 0.0777573
160 0.0775895
161 0.0773279
162 0.0768454
163 0.075971
164 0.0752543
165 0.0755721
166 0.0764791
167 0.0773784
168 0.0777433
169 0.0778497
170 0.0787905
171 0.078685
172 0.0789767
173 0.078907
174 0.0789963
175 0.0797735
176 0.0794682
177 0.0799183
178 0.0804367
179 0.0804168
180 0.0805808
181 0.0812568
182 0.0815338
183 0.0808384
184 0.0804732
185 0.0805614
186 0.0802599
187 0.0803153
188 0.079876
189 0.0791544
190 0.0785289
191 0.0784177
192 0.0791518
193 0.0794222
194 0.0804092
195 0.0803344
196 0.0803582
197 0.0806385
198 0.0810157
199 0.0813708
200 0.0812599
