1 0.143698
2 0.182618
3 0.1997
4 0.202319
5 0.196963
6 0.188594
7 0.179827
8 0.171135
9 0.163257
10 0.155535
11 0.147386
12 0.139222
13 0.130757
14 0.122776
15 0.114873
16 0.107985
17 0.10188
18 0.097925
19 0.0945721
20 0.0923075
21 0.0900387
22 0.0880023
23 0.0863971
24 0.0846643
25 0.0831263
26 0.0812463
27 0.0793275
28 0.0772185
29 0.0757037
30 0.0749257
31 0.0748553
32 0.075114
33 0.07532
34 0.0763825
35 0.0774034
36 0.0776403
37 0.0775095
38 0.0768985
39 0.0771184
40 0.0766576
41 0.0766642
42 0.0766003
43 0.0761995
44 0.0753381
45 0.0745399
46 0.0742884
47 0.0740661
48 0.0731751
49 0.0726252
50 0.0725765
51 0.0725601
52 0.0727149
53 0.0730744
54 0.0734926
55 0.0738168
56 0.0741061
57 0.0745005
58 0.0753883
59 0.0756906
60 0.0762822
61 0.0775497
62 0.0775941
63 0.0775323
64 0.0775082
65 0.077253
66 0.0764107
67 0.0761336
68 0.0751242
69 0.0745725
70 0.0748628
71 0.0751051
72 0.0753414
73 0.0757516
74 0.0765584
75 0.0767662
76 0.0770171
77 0.0773198
78 0.0778449
79 0.0782498
80 0.0781778
81 0.077294
82 0.0772702
83 0.0766986
84 0.0752947
85 0.0755332
86 0.0760565
87 0.076571
88 0.0768344
89 0.0769979
90 0.076745
91 0.0760233
92 0.0765479
93 0.0768731
94 0.0759921
95 0.0753861
96 0.0753595
97 0.0753686
98 0.0756716
99 0.0755467
100 0.0759151
101 0.0761602
102 0.0762458
103 0.0766961
104 0.0765035
105 0.0770913
106 0.0768856
107 0.0768458
108 0.076541
109 0.0766372
110 0.0760461
111 0.0753642
112 0.0752036
113 0.0751988
114 0.0758335
115 0.0755311
116 0.0759162
117 0.0761204
118 0.076599
119 0.0770437
120 0.0774163
121 0.0782471
122 0.0784612
123 0.0777033
124 0.0773688
125 0.07733
126 0.077103
127 0.0770697
128 0.0772537
129 0.0772058
130 0.0768291
131 0.0764078
132 0.076534
133 0.0761769
134 0.0760534
135 0.0756401
136 0.0752888
137 0.0754977
138 0.0756673
139 0.0759554
140 0.0759691
141 0.07623
142 0.075833
143 0.0763774
144 0.0768054
145 0.0774385
146 0.0777209
147 0.0772106
148 0.0770836
149 0.0766412
150 0.0763567
151 0.0765629
152 0.0765891
153 0.0768261
154 0.0763646
155 0.0761321
156 0.0755142
157 0.075236
158 0.0759669
159 0.0767365
160 0.0778471
161 0.0777697
162 0.0779508
163 0.0783823
164 0.0783398
165 0.0782329
166 0.0779504
167 0.0784828
168 0.0783752
169 0.0787791
170 0.0791252
171 0.0795734
172 0.0794792
173 0.0791807
174 0.0792797
175 0.0794108
176 0.078408
177 0.0776371
178 0.0769567
179 0.0772675
180 0.0785758
181 0.0789158
182 0.0792623
183 0.0797836
184 0.0796592
185 0.0799779
186 0.0804351
187 0.0805097
188 0.0801757
189 0.0800932
190 0.0802595
191 0.0799701
192 0.0798118
193 0.0794266
194 0.0797269
195 0.0796162
196 0.0795262
197 0.0786271
198 0.0778813
199 0.0775407
200 0.0774027
