1 0.145209
2 0.182988
3 0.19894
4 0.200661
5 0.194399
6 0.185824
7 0.177639
8 0.169135
9 0.1611
10 0.153282
11 0.145799
12 0.139767
13 0.1351
14 0.130845
15 0.127471
16 0.125336
17 0.124331
18 0.124296
19 0.124546
20 0.12527
21 0.124962
22 0.124903
23 0.123656
24 0.122254
25 0.120792
26 0.119885
27 0.119217
28 0.11892
29 0.118728
30 0.11818
31 0.118086
32 0.117872
33 0.117898
34 0.118116
35 0.117958
36 0.117805
37 0.117651
38 0.117671
39 0.117326
40 0.117383
41 0.117381
42 0.117291
43 0.117327
44 0.118117
45 0.117351
46 0.117131
47 0.116722
48 0.116908
49 0.116349
50 0.115407
51 0.115456
52 0.115682
53 0.11592
54 0.11601
55 0.115869
56 0.115609
57 0.115233
58 0.115624
59 0.115807
60 0.116419
61 0.116996
62 0.117367
63 0.117531
64 0.116922
65 0.116634
66 0.116887
67 0.116978
68 0.117565
69 0.118006
70 0.118231
71 0.11824
72 0.118215
73 0.118235
74 0.118332
75 0.118145
76 0.117993
77 0.117599
78 0.117672
79 0.11847
80 0.118505
81 0.118204
82 0.118424
83 0.11837
84 0.117941
85 0.117511
86 0.117566
87 0.117329
88 0.117461
89 0.11724
90 0.117008
91 0.117798
92 0.118608
93 0.118696
94 0.118238
95 0.118173
96 0.118246
97 0.117905
98 0.117799
99 0.117817
100 0.11744
101 0.116966
102 0.116819
103 0.117262
104 0.117535
105 0.117707
106 0.117485
107 0.117082
108 0.116545
109 0.11692
110 0.117158
111 0.117786
112 0.117844
113 0.117595
114 0.117141
115 0.117379
116 0.117629
117 0.11717
118 0.116886
119 0.116892
120 0.117851
121 0.118723
122 0.119058
123 0.119189
124 0.119152
125 0.119075
126 0.119336
127 0.119717
128 0.120206
129 0.120313
130 0.12068
131 0.121179
132 0.121021
133 0.121089
134 0.120466
135 0.120306
136 0.120375
137 0.120175
138 0.119872
139 0.1195
140 0.119355
141 0.119208
142 0.119274
143 0.11931
144 0.118957
145 0.118787
146 0.118897
147 0.118418
148 0.118101
149 0.117694
150 0.117485
151 0.11761
152 0.117635
153 0.117481
154 0.117755
155 0.118038
156 0.118481
157 0.118127
158 0.118033
159 0.117958
160 0.118403
161 0.118911
162 0.11894
163 0.118488
164 0.118025
165 0.117942
166 0.118175
167 0.118984
168 0.118664
169 0.118287
170 0.118217
171 0.118111
172 0.118531
173 0.119057
174 0.119246
175 0.118781
176 0.119251
177 0.11911
178 0.119216
179 0.118793
180 0.118553
181 0.118235
182 0.117976
183 0.118245
184 0.118216
185 0.117938
186 0.117644
187 0.118076
188 0.118142
189 0.118573
190 0.118706
191 0.118446
192 0.118526
193 0.118381
194 0.118759
195 0.119594
196 0.119961
197 0.119744
198 0.119406
199 0.11886
200 0.118606
