1 0.143933
2 0.182489
3 0.199705
4 0.202292
5 0.196799
6 0.188597
7 0.18042
8 0.172207
9 0.163924
10 0.15595
11 0.147673
12 0.140247
13 0.134661
14 0.129914
15 0.125642
16 0.122055
17 0.119743
18 0.118394
19 0.117502
20 0.116871
21 0.115747
22 0.113984
23 0.112337
24 0.111105
25 0.110617
26 0.10987
27 0.108912
28 0.10828
29 0.107999
30 0.107221
31 0.106589
32 0.1061
33 0.105843
34 0.105666
35 0.105539
36 0.105235
37 0.105239
38 0.105304
39 0.105338
40 0.104595
41 0.104405
42 0.104303
43 0.103945
44 0.103897
45 0.103976
46 0.103861
47 0.10393
48 0.103812
49 0.103678
50 0.103916
51 0.104669
52 0.104801
53 0.104186
54 0.103361
55 0.103099
56 0.102902
57 0.103507
58 0.103777
59 0.103005
60 0.102622
61 0.102588
62 0.102654
63 0.103502
64 0.10363
65 0.103568
66 0.10316
67 0.10319
68 0.103945
69 0.10452
70 0.104431
71 0.10392
72 0.10369
73 0.1039
74 0.104325
75 0.104751
76 0.104743
77 0.104254
78 0.10424
79 0.103868
80 0.103812
81 0.103711
82 0.103389
83 0.102963
84 0.10284
85 0.102439
86 0.102422
87 0.102994
88 0.103134
89 0.103198
90 0.102937
91 0.102909
92 0.10299
93 0.102908
94 0.103441
95 0.103521
96 0.103467
97 0.103005
98 0.102654
99 0.102571
100 0.10292
101 0.103298
102 0.103656
103 0.103904
104 0.10406
105 0.103844
106 0.104189
107 0.104303
108 0.103814
109 0.103803
110 0.103766
111 0.103475
112 0.103151
113 0.102897
114 0.102781
115 0.102464
116 0.102177
117 0.101989
118 0.102363
119 0.102367
120 0.103027
121 0.103347
122 0.103439
123 0.103246
124 0.103617
125 0.10406
126 0.103954
127 0.103967
128 0.103685
129 0.103915
130 0.104018
131 0.104393
132 0.104007
133 0.10399
134 0.104362
135 0.104963
136 0.10566
137 0.106044
138 0.105663
139 0.105314
140 0.105604
141 0.105229
142 0.105029
143 0.104906
144 0.104688
145 0.104227
146 0.10399
147 0.104319
148 0.104557
149 0.105032
150 0.104972
151 0.105162
152 0.105394
153 0.105244
154 0.105272
155 0.104802
156 0.105107
157 0.105223
158 0.104873
159 0.1046
160 0.104424
161 0.104448
162 0.104835
163 0.105519
164 0.105777
165 0.105921
166 0.105256
167 0.104975
168 0.10512
169 0.105254
170 0.105182
171 0.105161
172 0.104975
173 0.105268
174 0.105551
175 0.105439
176 0.104896
177 0.104906
178 0.105219
179 0.105522
180 0.105048
181 0.104598
182 0.104348
183 0.104157
184 0.104864
185 0.105154
186 0.105376
187 0.105492
188 0.10534
189 0.105109
190 0.104977
191 0.104727
192 0.105165
193 0.10539
194 0.104743
195 0.104508
196 0.103725
197 0.103585
198 0.1038
199 0.103505
200 0.103391
